20.71435858,14.94094846,19.30937516,10.91032987,18.91301061,15.81026849,15.68345111,13.74655388,12.25349761,6.480201768,9.546648286,7.641602724,8.95836732,4.36622292,9.125791311,7.958512136,8.267642598,6.533716627,6.519347268,2.353211587,5.347928023,4.553602532,5.217101116,2.226374733,5.00955003,4.558127476,4.990340343,3.629551779,3.742334326,1.241159738,3.09666362,2.797050004,3.164622904,1.192660133,2.845210208,2.699154137,3.095615178,2.091552786,2.205135957,0.7107572056,1.808035513,1.724582911,1.933167574,0.6528886256,1.631652912,1.614576618,1.921239684,1.216720484,1.305402973,0.4197197681,1.01791593,1.022773218,1.140476514,0.3539509641,0.9024622414,0.9357941052,1.142152936,0.6839573354,0.7421444847,0.2445805331,0.4739376115,0.5120006547,0.5747432197,0.1729043909,0.4117143215,0.4625287296,0.5706213601,0.3237496042,0.3492887046,0.1255016386
14.94094846,15.58089628,15.79941332,7.706383468,12.4215073,13.5779583,15.09312499,8.247866002,10.55166756,5.982750163,7.641240619,7.627170302,7.517104135,2.661201299,6.387616749,6.741478821,7.737423337,3.886029907,5.622160389,2.312500285,4.552451094,4.763672506,4.686647359,1.413869681,3.693242477,4.102886337,4.829197959,2.290011625,3.331764964,1.298968241,2.794281961,3.051300067,3.02053856,0.8076405572,2.208755183,2.578332317,3.098726801,1.405241782,2.030713151,0.7835266661,1.718622272,1.948697045,1.94138338,0.4736883737,1.329617319,1.623923898,1.982100881,0.8666182386,1.241177652,0.4833680609,1.010650698,1.190117234,1.195607595,0.2768482936,0.7666451499,0.9833397581,1.210673152,0.5128963344,0.7255659661,0.2928038404,0.4882221152,0.6139034644,0.6309066154,0.152230946,0.3620933405,0.5084242674,0.6236803418,0.2559737911,0.3497620916,0.1582757019
19.30937516,15.79941332,26.98738682,15.18831181,19.92395247,16.89450207,20.34032797,17.17538081,14.5568336,11.35791724,8.957933916,7.517019687,10.19341674,5.194195166,9.39906182,7.821075892,9.511057554,7.331431955,6.945718752,3.043553561,5.215621334,4.686249175,5.922334438,2.555105678,5.248740398,4.670984519,5.765796671,4.117475018,3.978004575,1.477636934,3.160785059,3.01922117,3.666403345,1.355010841,3.064303479,2.899075325,3.643616985,2.435020652,2.386382282,0.8339600151,1.924209406,1.937647679,2.288875624,0.7434067709,1.809251976,1.806300324,2.305814038,1.452647808,1.445512107,0.4956429434,1.120691906,1.1859601,1.376942884,0.4073675363,1.026604144,1.081795643,1.394968131,0.8341006327,0.8398589945,0.2933399487,0.533932615,0.6093469962,0.7072716563,0.2034481395,0.4772568982,0.5496124401,0.7090197551,0.4021815115,0.4020198583,0.1542241546
10.91032987,7.706383468,15.18831181,17.50815116,14.57283746,12.2795807,12.35543531,12.96354945,10.0383533,9.373690223,4.366159032,2.661182236,5.194210765,5.708752565,6.236554727,4.578786057,4.5068675,5.283854321,4.145905221,2.914381304,2.226079078,1.413674406,2.555056178,2.459680777,3.00834779,2.24439579,2.261290063,2.578257703,1.984329171,1.181639242,1.191663465,0.8067528182,1.354575544,1.108405436,1.520879214,1.165267934,1.226707659,1.321959132,1.007866844,0.5106067664,0.6499460968,0.4706051156,0.7415618247,0.5129907685,0.7906401848,0.6231575073,0.6904243908,0.6955799213,0.5316622526,0.2306058192,0.3459125316,0.2675325427,0.4012039395,0.2379162715,0.4052200134,0.3298516186,0.3829509443,0.3606949453,0.2782781931,0.1065528802,0.1536989182,0.1286468815,0.1870881568,0.09822800078,0.1751863201,0.1505456916,0.1809696325,0.1598585116,0.1239552852,0.0444127921
18.91301061,12.4215073,19.92395247,14.57283746,24.17451747,15.43936975,17.56035447,18.01995753,14.40530995,8.752079306,9.12592926,6.388078322,9.399558013,6.236599034,11.07987025,7.984067199,9.331851451,8.94933246,7.354964351,3.276880244,5.009916021,3.694625083,5.25029621,3.008516586,5.941376154,4.434845185,5.369072363,4.946437042,4.006845054,1.51895696,2.845885018,2.211835148,3.067973115,1.521376435,3.308961082,2.546610362,3.201114118,2.827326599,2.269034747,0.7614305518,1.632579266,1.335610391,1.816940952,0.7919768393,1.867833287,1.481783835,1.926402516,1.630387017,1.305253591,0.4014833967,0.9030444832,0.7772084611,1.041568105,0.4086339769,1.019270391,0.836300453,1.116115313,0.9069594662,0.72659884,0.2132811558,0.409614513,0.3785003918,0.5034430836,0.1826281916,0.4580752944,0.3981490408,0.5414631475,0.42165321,0.3352979745,0.09880385639
15.81026849,13.5779583,16.89450207,12.2795807,15.43936975,18.06735492,15.01926863,13.45302092,10.59180929,6.924721281,7.958249179,6.741511389,7.821180359,4.578797001,7.983733665,7.880856783,7.389766781,6.412843874,5.468047325,2.628825378,4.557237344,4.102919792,4.671349903,2.244517432,4.433819431,4.431261652,4.547178051,3.519482348,3.179142873,1.365465265,2.696852533,2.578203412,2.900029024,1.165830588,2.544235684,2.609851704,2.881159851,2.011885358,1.907086863,0.7649719194,1.609180546,1.623078969,1.808489996,0.6251263024,1.476887438,1.563850365,1.821001592,1.167562161,1.150281962,0.4448400987,0.9236937339,0.9801738798,1.086384311,0.3358174221,0.8268577012,0.912071961,1.099327977,0.6575667911,0.6650191592,0.2575389078,0.4365986324,0.499436205,0.5577781264,0.1654969497,0.3814454895,0.4559921942,0.5579019341,0.3134296361,0.3168800029,0.13320037
15.68345111,15.09312499,20.34032797,12.35543531,17.56035447,15.01926863,23.20566149,13.41498879,15.82337234,9.561262574,8.267333503,7.737552554,9.51122883,4.506853533,9.331392148,7.389804339,10.99279414,6.842063884,7.946093083,3.49138637,4.989252454,4.829497306,5.766337918,2.261329568,5.367607288,4.54726753,6.58011809,4.103841052,4.504516398,1.736743566,3.092713735,3.099140462,3.644911619,1.227075564,3.197590967,2.881314009,4.095300763,2.533799745,2.666129297,0.9498157077,1.914288545,1.982229931,2.308585023,0.6920111159,1.918852899,1.821241991,2.560597487,1.560143961,1.59834636,0.5465925864,1.12639558,1.209142056,1.400494356,0.3883020053,1.101001049,1.099753533,1.534340055,0.914915757,0.9216994408,0.3150459247,0.5368921751,0.6174348988,0.7185493829,0.1950066108,0.5136730019,0.5588614036,0.7722742509,0.4455179931,0.4382970558,0.1611007891
13.74655388,8.247866002,17.17538081,12.96354945,18.01995753,13.45302092,13.41498879,18.96186264,9.901505361,7.332425558,6.533720672,3.886255696,7.331665555,5.283840826,8.949260585,6.412986351,6.842301127,8.72314418,4.925051486,2.157550169,3.629423035,2.290566813,4.118086605,2.578197286,4.946136017,3.519822071,4.10449433,4.863837814,2.800456831,0.969277106,2.09085045,1.406125592,2.43612205,1.321770622,2.826398112,2.012396129,2.535080606,2.806827395,1.655401877,0.4899673622,1.214223331,0.8673906782,1.454076379,0.6950789489,1.627864334,1.167918346,1.562145719,1.629504232,0.9854764219,0.2616041496,0.6765620975,0.5118005288,0.8347092866,0.3594722536,0.900582279,0.6565997523,0.9171162842,0.9096944484,0.5617832922,0.1397850614,0.3049271838,0.2488691978,0.398498501,0.1566970088,0.4069973708,0.3084571399,0.4460242901,0.4226946005,0.2619823448,0.06296681742
12.25349761,10.55166756,14.5568336,10.0383533,14.40530995,10.59180929,15.82337234,9.901505361,14.61705617,7.914100099,6.519404844,5.622526094,6.946098344,4.145938353,7.354870803,5.468298879,7.94639221,4.925028529,6.689321225,2.929897882,3.742458295,3.332867675,3.979206042,1.984472505,4.006540306,3.179925823,4.505468138,2.800437753,3.589556193,1.34808377,2.205260779,2.033180408,2.389239148,1.00833385,2.268281646,1.908921851,2.668402343,1.655510293,2.010554392,0.6759759074,1.305213789,1.245982937,1.451537941,0.5330216234,1.30358515,1.154116042,1.603158855,0.9861137821,1.147464205,0.3590025059,0.7406142321,0.734002974,0.8516552512,0.2819788079,0.7231330165,0.6725345127,0.9311703801,0.5640882718,0.6362377872,0.193286289,0.3437063638,0.3630209125,0.4230571702,0.1326082796,0.328838738,0.3306793418,0.4556114721,0.2686519075,0.2948242383,0.09220562608
6.480201768,5.982750163,11.35791724,9.373690223,8.752079306,6.924721281,9.561262574,7.332425558,7.914100099,10.73652103,2.353089016,2.312437515,3.043521721,2.914383352,3.276759781,2.628774559,3.491307224,2.15749687,2.929790615,2.588746146,1.240751827,1.29873218,1.47753874,1.181678188,1.518593906,1.365296426,1.736494497,0.969151992,1.347749535,1.043099447,0.7097085713,0.7828293343,0.833708084,0.5107990797,0.7606088543,0.7645287591,0.949201506,0.4897880875,0.6751867175,0.4733972676,0.4172414331,0.4814596789,0.4949913496,0.2312916089,0.3998325994,0.4437443277,0.5451699806,0.2615207789,0.3573266401,0.2289797362,0.238932311,0.2878043893,0.29162049,0.1086541138,0.2102258918,0.2548962912,0.311821926,0.1403545915,0.1899355004,0.114718886,0.1139601211,0.1471212196,0.1507351107,0.05000278366,0.09439697526,0.1279476479,0.1551457286,0.06608872975,0.08647457206,0.05411329891
9.546648286,7.641240619,8.957933916,4.366159032,9.12592926,7.958249179,8.267333503,6.533720672,6.519404844,2.353089016,20.68296329,14.90516609,19.2705883,10.90182219,18.88587603,15.77950254,15.6424263,13.72517264,12.22991564,6.472016997,9.500384597,7.590160612,8.90246124,4.353592253,9.085306643,7.913965405,8.208322486,6.502020678,6.484478878,2.341546827,5.278677755,4.478826027,5.135816141,2.207476152,4.948292276,4.492926332,4.90382614,3.582155842,3.690116187,1.224410217,2.990986161,2.686775263,3.045133051,1.164207734,2.750969162,2.602433826,2.968084397,2.019976898,2.125764483,0.6865005877,1.642960242,1.558873911,1.754956172,0.609869845,1.483856103,1.468697078,1.73068035,1.107376947,1.182680028,0.384207295,0.7514476129,0.7656564997,0.8658538817,0.2862597243,0.6650314659,0.7089447162,0.8498535645,0.5131438346,0.5477661181,0.1898625173
7.641602724,7.627170302,7.517019687,2.661182236,6.388078322,6.741511389,7.737552554,3.886255696,5.622526094,2.312437515,14.90516609,15.53754925,15.75504726,7.697894176,12.39361246,13.54241443,15.04697419,8.227686925,10.52572788,5.972734746,7.589259049,7.565222809,7.453998062,2.649088255,6.346863134,6.690659364,7.67144468,3.856955764,5.584331568,2.298332843,4.475947603,4.674307015,4.59638056,1.396696601,3.633017818,4.029661729,4.734188203,2.247942032,3.275973509,1.278868137,2.679831002,2.920771124,2.890524239,0.7837114599,2.118557924,2.471821064,2.960669697,1.34413975,1.947353223,0.7549804081,1.543873454,1.754870127,1.752357157,0.4415421071,1.192466401,1.467166637,1.7791587,0.7776051776,1.114789662,0.4428750688,0.7351286239,0.8931015134,0.9119845773,0.2332959598,0.5538737957,0.7460027742,0.9042183042,0.3808908544,0.5295435979,0.2328656678
8.95836732,7.517104135,10.19341674,5.194210765,9.399558013,7.821180359,9.51122883,7.331665555,6.946098344,3.043521721,19.2705883,15.75504726,26.93879731,15.17775984,19.88986207,16.85613503,20.28865047,17.14791615,14.52758735,11.34773646,8.901240662,7.453607985,10.12366856,5.178691981,9.348533529,7.765846606,9.436571151,7.290839079,6.902796245,3.02913366,5.131641022,4.594777962,5.821493025,2.532238465,5.172964999,4.590798068,5.657649925,4.057068797,3.914332728,1.457116956,3.034287428,2.885655252,3.519280255,1.321253673,2.949081582,2.781423907,3.485174745,2.344463103,2.290739049,0.8046270104,1.729679307,1.739414274,2.071585882,0.6937367172,1.631202823,1.631416161,2.070982185,1.315752639,1.299726588,0.4534729265,0.8121272749,0.8826555723,1.045586691,0.3316070451,0.7457355956,0.8145258908,1.038100933,0.6231269028,0.6125352993,0.2294710188
4.36622292,2.661201299,5.194195166,5.708752565,6.236599034,4.578797001,4.506853533,5.283840826,4.145938353,2.914383352,10.90182219,7.697894176,15.17775984,17.50517401,14.56394707,12.27137772,12.34392722,12.95558624,10.03153105,9.371744741,4.353309156,2.648855744,5.178598057,5.704023328,6.222863607,4.566592565,4.489888477,5.271596373,4.135592669,2.911522704,2.206287621,1.395526067,2.531618935,2.451959298,2.986887576,2.225955134,2.235965025,2.55913156,1.968494738,1.177322832,1.160453963,0.7795453963,1.318732667,1.095377753,1.486509994,1.136766446,1.188399579,1.291613313,0.9830767816,0.5038313184,0.5993471207,0.4288531933,0.6854062312,0.4901425531,0.7341550813,0.5779002632,0.6313873693,0.6464195513,0.491898191,0.219383037,0.2609068951,0.2010831724,0.3095948223,0.1954643383,0.3093734464,0.2550898431,0.2890845971,0.2786240885,0.2123250335,0.08617231379
9.125791311,6.387616749,9.39906182,6.236554727,11.07987025,7.983733665,9.331392148,8.949260585,7.354870803,3.276759781,18.88587603,12.39361246,19.88986207,14.56394707,24.14639203,15.41289594,17.52272909,17.99475831,14.38351379,8.74570977,9.085548746,6.347895185,9.349737308,6.22300424,11.03718871,7.945268832,9.276685721,8.911074764,7.322404043,3.26770534,4.948860761,3.636070472,5.176732636,2.987414099,5.875736318,4.377290637,5.287471526,4.887841161,3.957604248,1.505542859,2.75175126,2.125206577,2.957914956,1.488034114,3.206382369,2.459936037,3.079067483,2.736644602,2.193452056,0.7414076357,1.48399936,1.204886435,1.649425751,0.738145396,1.704429729,1.348806501,1.741243676,1.488276485,1.187107507,0.3706874161,0.6613616224,0.5737851318,0.7786586714,0.3179836945,0.7528947631,0.6263054952,0.8283867727,0.6799396304,0.5371469598,0.1626457482
7.958512136,6.741478821,7.821075892,4.578786057,7.984067199,7.880856783,7.389804339,6.412986351,5.468298879,2.628774559,15.77950254,13.54241443,16.85613503,12.27137772,15.41289594,18.03686608,14.97864449,13.43208119,10.56885191,6.916503689,7.913237192,6.690643771,7.766153956,4.566737454,7.944489114,7.836903929,7.3312596,6.381932347,5.43436058,2.617138387,4.490439385,4.029399487,4.591849673,2.226690716,4.374894039,4.367270373,4.462272419,3.473488224,3.129150246,1.348735063,2.595939298,2.470540701,2.784099261,1.13939684,2.454403817,2.515519071,2.756775496,1.94283242,1.831905406,0.7408518536,1.453321628,1.462642825,1.637312887,0.5859243672,1.337489542,1.422572013,1.636575545,1.06278747,1.035469097,0.4097513866,0.6749653199,0.7333662412,0.8252764084,0.2751925972,0.6055863417,0.6937228742,0.8187934299,0.4949223678,0.4855518655,0.2036883843
8.267642598,7.737423337,9.511057554,4.5068675,9.331851451,7.389766781,10.99279414,6.842301127,7.94639221,3.491307224,15.6424263,15.04697419,20.28865047,12.34392722,17.52272909,14.97864449,23.1498969,13.38371598,15.79182422,9.55063629,8.207401662,7.671610651,9.436985708,4.489960265,9.275526877,7.331306694,10.91215474,6.795703877,7.89969821,3.476291153,4.9005945,4.734414446,5.658953985,2.236459945,5.283757681,4.462362761,6.462624448,4.034727223,4.435550003,1.715154543,2.959482453,2.960363716,3.48826317,1.190461841,3.070115243,2.756894665,3.922480579,2.430158497,2.562282533,0.9186875412,1.710129064,1.776362981,2.077414119,0.6383008805,1.722116259,1.636773708,2.303252923,1.403740278,1.439539571,0.5011855795,0.804599909,0.8946768843,1.049250133,0.3071311619,0.7917171241,0.8194334027,1.141494677,0.6753832372,0.6729852593,0.245034744
6.533716627,3.886029907,7.331431955,5.283854321,8.94933246,6.412843874,6.842063884,8.72314418,4.925028529,2.15749687,13.72517264,8.227686925,17.14791615,12.95558624,17.99475831,13.43208119,13.38371598,18.93750894,9.883501564,7.327833912,6.501831066,3.857291692,7.291234595,5.271528625,8.910792591,6.382125994,6.796160509,8.685804699,4.898136099,2.150935883,3.581155123,2.248566685,4.057955348,2.558853275,4.88672992,3.473798746,4.035904732,4.806127985,2.75981868,0.9595945097,2.016447584,1.344379973,2.345516374,1.290777453,2.733357888,1.942737821,2.432167795,2.716774195,1.593288759,0.4754592649,1.096962334,0.7749390249,1.315205408,0.6442093777,1.479637468,1.060537203,1.405873853,1.487316527,0.8890532433,0.2391032238,0.4866625276,0.3694656364,0.6158568525,0.2727672571,0.659637271,0.4865794969,0.6751098091,0.6813888399,0.4086476071,0.1023363141
6.519347268,5.622160389,6.945718752,4.145905221,7.354964351,5.468047325,7.946093083,4.925051486,6.689321225,2.929790615,12.22991564,10.52572788,14.52758735,10.03153105,14.38351379,10.56885191,15.79182422,9.883501564,14.59870263,7.908192139,6.484534776,5.585156684,6.90372717,4.135720364,7.322152817,5.434959393,7.90044197,4.898148936,6.66196692,2.921426512,3.690109541,3.278415777,3.91725459,1.969014479,3.956765841,3.131008849,4.437899871,2.760007076,3.548222385,1.335786305,2.125203183,1.952652143,2.297593593,0.9846954289,2.191334841,1.836244722,2.567833189,1.594184787,1.94705635,0.6578202826,1.180029353,1.124584647,1.313849098,0.4964169582,1.182349682,1.044483796,1.451088388,0.8921834661,1.047960547,0.3315317468,0.5390546491,0.5452902442,0.6383178002,0.2228923574,0.5277196045,0.5026795049,0.694755915,0.4176954618,0.4759440345,0.1490332148
2.353211587,2.312500285,3.043553561,2.914381304,3.276880244,2.628825378,3.49138637,2.157550169,2.929897882,2.588746146,6.472016997,5.972734746,11.34773646,9.371744741,8.74570977,6.916503689,9.55063629,7.327833912,7.908192139,10.73413589,2.341221275,2.298128631,3.029062964,2.911574424,3.267439296,2.61700484,3.476103408,2.150870073,2.921174028,2.585316127,1.223307709,1.278082377,1.456875869,1.17759289,1.504756652,1.348271977,1.71454422,0.9595164727,1.335004557,1.038097057,0.683611422,0.7526193856,0.8039282873,0.5048067425,0.7396845833,0.7395803253,0.9171222129,0.4756465366,0.6559942264,0.4659594865,0.3773030823,0.4364338617,0.4515252138,0.2223850697,0.3674517722,0.4065373964,0.497486293,0.2405000926,0.3277587408,0.2176002501,0.1755293824,0.2182771313,0.2256067304,0.09420338402,0.1584563594,0.1972803227,0.2383370059,0.1079866421,0.1427258492,0.09584216574
5.347928023,4.552451094,5.215621334,2.226079078,5.009916021,4.557237344,4.989252454,3.629423035,3.742458295,1.240751827,9.500384597,7.589259049,8.901240662,4.353309156,9.085548746,7.913237192,8.207401662,6.501831066,6.484534776,2.341221275,20.61428841,14.83010584,19.18845474,10.8824734,18.82516141,15.71393043,15.55542616,13.67757102,12.17801888,6.454999454,9.396649915,7.480425439,8.782245965,4.32408584,8.992554686,7.81721256,8.080808043,6.430206977,6.406139719,2.316881973,5.118627335,4.315806259,4.957565598,2.16188731,4.803908878,4.347873525,4.714672145,3.472454725,3.569890666,1.188180717,2.737737881,2.439563346,2.776330983,1.092778673,2.521269059,2.380648057,2.68319673,1.849886398,1.937716546,0.6323272281,1.228314153,1.171319389,1.335545739,0.4926783868,1.108427508,1.11824849,1.289742859,0.8368569967,0.8809414878,0.2985749224
4.553602532,4.763672506,4.686249175,1.413674406,3.694625083,4.102919792,4.829497306,2.290566813,3.332867675,1.29873218,7.590160612,7.565222809,7.453607985,2.648855744,6.347895185,6.690643771,7.671610651,3.857291692,5.585156684,2.298128631,14.83010584,15.44877437,15.66460936,7.68014756,12.33461542,13.46943827,14.95246861,8.185796604,10.47097759,5.952410429,7.478164219,7.436684902,7.324164899,2.623589026,6.259108676,6.585018769,7.53490061,3.796017714,5.503102022,2.269311928,4.308564539,4.485658903,4.408449878,1.360409785,3.500461988,3.875019323,4.534878097,2.158764033,3.153679757,1.237233766,2.422043666,2.638922499,2.615464614,0.7332008718,1.91474663,2.242270258,2.665893917,1.212816377,1.760136623,0.6949729587,1.133447793,1.319945502,1.336473872,0.3694113418,0.8717588127,1.115998989,1.330740922,0.5800811586,0.8210582359,0.3522251159
5.217101116,4.686647359,5.922334438,2.555056178,5.25029621,4.671349903,5.766337918,4.118086605,3.979206042,1.47753874,8.90246124,7.453998062,10.12366856,5.178598057,9.349737308,7.766153956,9.436985708,7.291234595,6.90372717,3.029062964,19.18845474,15.66460936,26.83827768,15.15454326,19.81558409,16.77658862,20.18131373,17.08781679,14.46510337,11.32716919,8.778798815,7.322692993,9.9775804,5.143867869,9.23632904,7.649707241,9.280139964,7.20076324,6.80955694,2.999659921,4.945761256,4.402742728,5.60689102,2.479580085,5.000793522,4.41913137,5.427365156,3.920787466,3.773236409,1.414497552,2.745734322,2.598979666,3.199451757,1.240990403,2.679973311,2.523753247,3.141732599,2.135965013,2.073648353,0.7421952678,1.266997583,1.297751964,1.578524035,0.5656549957,1.200498048,1.232937225,1.545101171,0.9896031231,0.9573118695,0.3563889179
2.226374733,1.413869681,2.555105678,2.459680777,3.008516586,2.244517432,2.261329568,2.578197286,1.984472505,1.181678188,4.353592253,2.649088255,5.178691981,5.704023328,6.22300424,4.566737454,4.489960265,5.271528625,4.135720364,2.911574424,10.8824734,7.68014756,15.15454326,17.4974468,14.54272011,12.25319163,12.31879261,12.93639959,10.01589498,9.36751472,4.323000882,2.622421581,5.143208601,5.690962115,6.189028022,4.538574516,4.452000718,5.241199588,4.111216218,2.904896329,2.157545418,1.355304449,2.47644085,2.428996245,2.931586097,2.18162279,2.177868396,2.509978571,1.929596551,1.166372271,1.07965401,0.7166702236,1.230178913,1.053182587,1.393385603,1.064306884,1.097256284,1.210090713,0.919171321,0.4844637029,0.4602155037,0.3264975944,0.5366995997,0.4079482024,0.5715015653,0.4540922014,0.4830850601,0.5064161618,0.3827530282,0.1816505678
5.00955003,3.693242477,5.248740398,3.00834779,5.941376154,4.433819431,5.367607288,4.946136017,4.006540306,1.518593906,9.085306643,6.346863134,9.348533529,6.222863607,11.03718871,7.944489114,9.275526877,8.910792591,7.322152817,3.267439296,18.82516141,12.33461542,19.81558409,14.54272011,24.08115077,15.35497519,17.44044965,17.93600387,14.33431421,8.732152339,8.992879758,6.261366546,9.239240274,6.1894548,10.93596852,7.858560048,9.154302477,8.820417274,7.247398094,3.247583972,4.804366328,3.506980963,5.009840203,2.933143677,5.715848029,4.245166405,5.103155527,4.746230476,3.841323211,1.474825654,2.520664908,1.928346376,2.700822606,1.397728116,2.948330668,2.254175167,2.796969435,2.512088428,2.009433885,0.6926246169,1.102514381,0.8947499376,1.240225256,0.5807404629,1.27693849,1.018082852,1.298243063,1.124317331,0.8876482253,0.2873421243
4.558127476,4.102886337,4.670984519,2.24439579,4.434845185,4.431261652,4.54726753,3.519822071,3.179925823,1.365296426,7.913965405,6.690659364,7.765846606,4.566592565,7.945268832,7.836903929,7.331306694,6.382125994,5.434959393,2.61700484,15.71393043,13.46943827,16.77658862,12.25319163,15.35497519,17.97314865,14.89411934,13.38620674,10.5196718,6.899657284,7.81516843,6.584687901,7.650579915,4.539303971,7.856741397,7.74342449,7.208084546,6.313052322,5.360889732,2.592780727,4.340836342,3.873300942,4.42204984,2.184816107,4.239602803,4.228021278,4.280856197,3.368826814,3.017735282,1.313071485,2.36212889,2.236110026,2.530892752,1.074637558,2.241463537,2.304018005,2.485927137,1.78147312,1.659963646,0.6877307956,1.075092443,1.098649459,1.246553856,0.4804255084,0.9934713483,1.089928882,1.221214615,0.8072474973,0.7633102827,0.325728268
4.990340343,4.829197959,5.765796671,2.261290063,5.369072363,4.547178051,6.58011809,4.10449433,4.505468138,1.736494497,8.208322486,7.67144468,9.436571151,4.489888477,9.276685721,7.3312596,10.91215474,6.796160509,7.90044197,3.476103408,15.55542616,14.95246861,20.18131373,12.31879261,17.44044965,14.89411934,23.03292615,13.31505655,15.72393728,9.528923684,8.07807734,7.534894251,9.281127415,4.452511343,9.151345303,7.208104532,10.74105761,6.692880633,7.798195353,3.444968866,4.70510197,4.534009926,5.430418281,2.18033339,5.093648455,4.280824425,6.209674407,3.879659227,4.281563256,1.669354405,2.657789816,2.661414355,3.148684954,1.105838017,2.774093335,2.485800721,3.543252243,2.19442105,2.324481822,0.8503631706,1.230857106,1.316765636,1.557293361,0.5056425208,1.251413038,1.221338409,1.719453546,1.039458183,1.06245695,0.3926346072
3.629551779,2.290011625,4.117475018,2.578257703,4.946437042,3.519482348,4.103841052,4.863837814,2.800437753,0.969151992,6.502020678,3.856955764,7.290839079,5.271596373,8.911074764,6.381932347,6.795703877,8.685804699,4.898148936,2.150870073,13.67757102,8.185796604,17.08781679,12.93639959,17.93600387,13.38620674,13.31505655,18.87995568,9.843124531,7.318203839,6.429175228,3.796239471,7.201220729,5.240907026,8.819409491,6.313098649,6.693657572,8.596284136,4.836829832,2.136645521,3.468027402,2.158210787,3.921135306,2.50880253,4.742377741,3.368117979,3.881337972,4.665329942,2.6654787,0.9377407586,1.836029243,1.207912979,2.133542227,1.206562261,2.50098743,1.777424142,2.196054807,2.492254677,1.445608153,0.4405690459,0.8007527278,0.5625920377,0.9769156382,0.4965491874,1.097053733,0.794104131,1.037714174,1.122383657,0.6521353713,0.1789650784
3.742334326,3.331764964,3.978004575,1.984329171,4.006845054,3.179142873,4.504516398,2.800456831,3.589556193,1.347749535,6.484478878,5.584331568,6.902796245,4.135592669,7.322404043,5.43436058,7.89969821,4.898136099,6.66196692,2.921174028,12.17801888,10.47097759,14.46510337,10.01589498,14.33431421,10.5196718,15.72393728,9.843124531,14.5576303,7.895726631,6.406006281,5.504899782,6.811798867,4.11166256,7.246688749,5.362306264,7.800019961,4.8370516,6.599329712,2.903074633,3.568881473,3.158817941,3.780154451,1.931343378,3.838902731,3.02211289,4.287256203,2.66661584,3.450881076,1.308093176,1.933568342,1.770645054,2.089418692,0.9243857387,2.003225296,1.670123664,2.337669717,1.449678641,1.79229704,0.6145284662,0.867832874,0.838636951,0.9872991517,0.3950252055,0.8742445398,0.7837296226,1.088632924,0.6641006449,0.7942684881,0.2589246965
1.241159738,1.298968241,1.477636934,1.181639242,1.51895696,1.365465265,1.736743566,0.969277106,1.34808377,1.043099447,2.341546827,2.298332843,3.02913366,2.911522704,3.26770534,2.617138387,3.476291153,2.150935883,2.921426512,2.585316127,6.454999454,5.952410429,11.32716919,9.36751472,8.732152339,6.899657284,9.528923684,7.318203839,7.895726631,10.72912227,2.315998371,2.268626174,2.99947885,2.905177399,3.247029209,2.59240745,3.444506429,2.136684257,2.902496507,2.577813058,1.185150348,1.234567912,1.413812331,1.16761892,1.473278205,1.311731639,1.66781213,0.9382873981,1.306348979,1.026489552,0.6243601906,0.6870349633,0.7401073195,0.4885516135,0.689616897,0.6840181248,0.8464074056,0.4431624905,0.6106623311,0.4471400648,0.281518705,0.3336786931,0.3524272967,0.1929298307,0.2844035773,0.3182519009,0.3857215476,0.1884153534,0.2527440322,0.1840932919
3.09666362,2.794281961,3.160785059,1.191663465,2.845885018,2.696852533,3.092713735,2.09085045,2.205260779,0.7097085713,5.278677755,4.475947603,5.131641022,2.206287621,4.948860761,4.490439385,4.9005945,3.581155123,3.690109541,1.223307709,9.396649915,7.478164219,8.778798815,4.323000882,8.992879758,7.81516843,8.07807734,6.429175228,6.406006281,2.315998371,20.45583978,14.66649836,19.00775504,10.83522074,18.68194198,15.56773956,15.36471407,13.56677624,12.05833922,6.41798222,9.148914903,7.23511466,8.511445075,4.248933812,8.766447115,7.595113495,7.795705238,6.258610603,6.220349542,2.261493371,4.7206048,3.939552966,4.543674022,2.039622919,4.438092706,4.002528421,4.281069947,3.201685271,3.275311343,1.103129863,2.075140357,1.842139012,2.120726104,0.8836537489,1.911376892,1.824298417,2.00461872,1.410143777,1.457839361,0.4936289351
2.797050004,3.051300067,3.01922117,0.8067528182,2.211835148,2.578203412,3.099140462,1.406125592,2.033180408,0.7828293343,4.478826027,4.674307015,4.594777962,1.395526067,3.636070472,4.029399487,4.734414446,2.248566685,3.278415777,1.278082377,7.480425439,7.436684902,7.322692993,2.622421581,6.261366546,6.584687901,7.534894251,3.796239471,5.504899782,2.268626174,14.66649836,15.26175664,15.47576893,7.641510574,12.20481078,13.31509719,14.75405853,8.096352234,10.35099095,5.909902854,7.229410578,7.160469482,7.049048033,2.567153509,6.060859844,6.357168752,7.243540657,3.663809101,5.320695248,2.207471949,3.921238461,4.06966898,4.002273197,1.278508059,3.191307185,3.532965702,4.100473196,1.961312813,2.871007312,1.146171842,1.797801643,1.991149641,1.995187443,0.6093660437,1.419573908,1.711884833,1.998622663,0.9103743181,1.310200949,0.5536787378
3.164622904,3.02053856,3.666403345,1.354575544,3.067973115,2.900029024,3.644911619,2.43612205,2.389239148,0.833708084,5.135816141,4.59638056,5.821493025,2.531618935,5.176732636,4.591849673,5.658953985,4.057955348,3.91725459,1.456875869,8.782245965,7.324164899,9.9775804,5.143208601,9.239240274,7.650579915,9.281127415,7.201220729,6.811798867,2.99947885,19.00775504,15.47576893,26.62451032,15.10033612,19.64711176,16.60658968,19.95304209,16.95170451,14.32686311,11.28432486,8.501695709,7.043971504,9.66072028,5.059482998,8.974804382,7.395957026,8.941944421,6.992472815,6.598318793,2.936643704,4.510390203,3.983374775,5.129041241,2.345638091,4.586051753,4.03335215,4.918732439,3.597375709,3.444185235,1.3196625,2.037936354,1.946780897,2.45205699,1.016493353,2.003939393,1.917833121,2.35470087,1.620663388,1.546675692,0.5891727055
1.192660133,0.8076405572,1.355010841,1.108405436,1.521376435,1.165830588,1.227075564,1.321770622,1.00833385,0.5107990797,2.207476152,1.396696601,2.532238465,2.451959298,2.987414099,2.226690716,2.236459945,2.558853275,1.969014479,1.17759289,4.32408584,2.623589026,5.143867869,5.690962115,6.1894548,4.539303971,4.452511343,5.240907026,4.11166256,2.905177399,10.83522074,7.641510574,15.10033612,17.4744572,14.48807542,12.20983942,12.26148052,12.88694509,9.977599252,9.356934208,4.245087681,2.562364635,5.056478419,5.648676164,6.097403525,4.467819898,4.362389125,5.159330986,4.048510441,2.886165863,2.024818318,1.258961776,2.332842843,2.347505041,2.772648073,2.061686359,2.033685897,2.370314961,1.823269605,1.130579318,0.8443010033,0.5549087092,0.9800585412,0.8870678594,1.106184297,0.8509009015,0.8549375345,0.9622348295,0.7306319901,0.4094436289
2.845210208,2.208755183,3.064303479,1.520879214,3.308961082,2.544235684,3.197590967,2.826398112,2.268281646,0.7606088543,4.948292276,3.633017818,5.172964999,2.986887576,5.875736318,4.374894039,5.283757681,4.88672992,3.956765841,1.504756652,8.992554686,6.259108676,9.23632904,6.189028022,10.93596852,7.856741397,9.151345303,8.819409491,7.246688749,3.247029209,18.68194198,12.20481078,19.64711176,14.48807542,23.92241303,15.22208951,17.25445658,17.79374146,14.2181,8.701219921,8.766477571,6.065598497,8.98175812,6.098607586,10.68191067,7.653064195,8.871706035,8.595686059,7.06496069,3.198916404,4.436528049,3.204374345,4.60724709,2.776788479,5.299224233,3.919181124,4.665708635,4.384755213,3.548085458,1.394319467,1.902627942,1.444026023,2.048644868,1.114839169,2.244602096,1.718792009,2.100399879,1.915839341,1.52327254,0.5485409327
2.699154137,2.578332317,2.899075325,1.165267934,2.546610362,2.609851704,2.881314009,2.012396129,1.908921851,0.7645287591,4.492926332,4.029661729,4.590798068,2.225955134,4.377290637,4.367270373,4.462362761,3.473798746,3.131008849,1.348271977,7.81721256,6.585018769,7.649707241,4.538574516,7.858560048,7.74342449,7.208104532,6.313098649,5.362306264,2.59240745,15.56773956,13.31509719,16.60658968,12.20983942,15.22208951,17.83456306,14.7136042,13.28134678,10.410199,6.863578662,7.589313236,6.355435867,7.398348183,4.470792332,7.64886973,7.53404395,6.940345698,6.151257221,5.193081201,2.538800493,3.982459026,3.525378833,4.041049741,2.073767454,3.906525706,3.903990184,3.877502103,3.114324327,2.755257317,1.23008076,1.772358221,1.689139979,1.933924539,0.8836846232,1.691552403,1.782606915,1.860662367,1.368350463,1.237823962,0.5512808012
3.095615178,3.098726801,3.643616985,1.226707659,3.201114118,2.881159851,4.095300763,2.535080606,2.668402343,0.949201506,4.90382614,4.734188203,5.657649925,2.235965025,5.287471526,4.462272419,6.462624448,4.035904732,4.437899871,1.71454422,8.080808043,7.53490061,9.280139964,4.452000718,9.154302477,7.208084546,10.74105761,6.693657572,7.800019961,3.444506429,15.36471407,14.75405853,19.95304209,12.26148052,17.25445658,14.7136042,22.78138208,13.16073936,15.57263761,9.482755418,7.78762554,7.242353137,8.944192274,4.36467622,8.864082669,6.940217724,10.36664797,6.458582325,7.566366774,3.376071491,4.252829417,4.094316311,4.925284377,2.043417792,4.641206571,3.877055966,5.643167307,3.520291942,3.918824114,1.563293533,1.932024332,1.979445912,2.366527053,0.881717726,2.043929689,1.860190413,2.660835698,1.632826095,1.73957789,0.6748673907
2.091552786,1.405241782,2.435020652,1.321959132,2.827326599,2.011885358,2.533799745,2.806827395,1.655510293,0.4897880875,3.582155842,2.247942032,4.057068797,2.55913156,4.887841161,3.473488224,4.034727223,4.806127985,2.760007076,0.9595164727,6.430206977,3.796017714,7.20076324,5.241199588,8.820417274,6.313052322,6.692880633,8.596284136,4.8370516,2.136684257,13.56677624,8.096352234,16.95170451,12.88694509,17.79374146,13.28134678,13.16073936,18.73961822,9.749689279,7.296735013,6.254439436,3.662626535,6.992041781,5.158124094,8.592255431,6.150143781,6.459491415,8.373395668,4.691775368,2.102868716,3.185159234,1.95398308,3.592629777,2.365462678,4.371921879,3.108369565,3.520866827,4.305518489,2.435897057,0.8817178565,1.363552093,0.8853840614,1.600766456,0.9470969922,1.881201335,1.349214695,1.628771778,1.898439395,1.072311399,0.3396748667
2.205135957,2.030713151,2.386382282,1.007866844,2.269034747,1.907086863,2.666129297,1.655401877,2.010554392,0.6751867175,3.690116187,3.275973509,3.914332728,1.968494738,3.957604248,3.129150246,4.435550003,2.75981868,3.548222385,1.335004557,6.406139719,5.503102022,6.80955694,4.111216218,7.247398094,5.360889732,7.798195353,4.836829832,6.599329712,2.902496507,12.05833922,10.35099095,14.32686311,9.977599252,14.2181,10.410199,15.57263761,9.749689279,14.46099748,7.867672705,6.219155005,5.324359961,6.603524524,4.04995662,7.062859203,5.196402473,7.570735403,4.692878104,6.446968614,2.859447883,3.269659655,2.880778759,3.459669017,1.828661377,3.540788536,2.765457824,3.932151313,2.440717697,3.204223653,1.236926758,1.43920622,1.327912723,1.578632212,0.7437066663,1.505146787,1.260616445,1.768816841,1.087393725,1.379056593,0.4890428328
0.7107572056,0.7835266661,0.8339600151,0.5106067664,0.7614305518,0.7649719194,0.9498157077,0.4899673622,0.6759759074,0.4733972676,1.224410217,1.278868137,1.457116956,1.177322832,1.505542859,1.348735063,1.715154543,0.9595945097,1.335786305,1.038097057,2.316881973,2.269311928,2.999659921,2.904896329,3.247583972,2.592780727,3.444968866,2.136645521,2.903074633,2.577813058,6.41798222,5.909902854,11.28432486,9.356934208,8.701219921,6.863578662,9.482755418,7.296735013,7.867672705,10.71744638,2.259073539,2.20514505,2.936111896,2.887375364,3.197935836,2.537711323,3.374918751,2.103631693,2.858229155,2.55871225,1.094892788,1.137272784,1.317629486,1.135614728,1.392170171,1.226205375,1.559575466,0.885643046,1.233596517,0.9931593994,0.4747083095,0.5312916346,0.5856217367,0.4246081612,0.5484851872,0.5431981972,0.6688057397,0.3542266619,0.4842919224,0.3829064648
1.808035513,1.718622272,1.924209406,0.6499460968,1.632579266,1.609180546,1.914288545,1.214223331,1.305213789,0.4172414331,2.990986161,2.679831002,3.034287428,1.160453963,2.75175126,2.595939298,2.959482453,2.016447584,2.125203183,0.683611422,5.118627335,4.308564539,4.945761256,2.157545418,4.804366328,4.340836342,4.70510197,3.468027402,3.568881473,1.185150348,9.148914903,7.229410578,8.501695709,4.245087681,8.766477571,7.589313236,7.78762554,6.254439436,6.219155005,2.259073539,20.06244709,14.28925742,18.58711548,10.70736814,18.31860111,15.21902825,14.92638666,13.29172361,11.76436104,6.330780976,8.505750601,6.648513364,7.858209118,4.032799687,8.167247514,7.041970848,7.121158946,5.81573051,5.74688053,2.123202096,3.629787511,2.993842241,3.490395474,1.654788055,3.416831118,3.091201671,3.211189219,2.465266504,2.490658222,0.8692248715
1.724582911,1.948697045,1.937647679,0.4706051156,1.335610391,1.623078969,1.982229931,0.8673906782,1.245982937,0.4814596789,2.686775263,2.920771124,2.885655252,0.7795453963,2.125206577,2.470540701,2.960363716,1.344379973,1.952652143,0.7526193856,4.315806259,4.485658903,4.402742728,1.355304449,3.506980963,3.873300942,4.534009926,2.158210787,3.158817941,1.234567912,7.23511466,7.160469482,7.043971504,2.562364635,6.065598497,6.355435867,7.242353137,3.662626535,5.324359961,2.20514505,14.28925742,14.85046181,15.06630401,7.550995314,11.90162998,12.9729163,14.32107084,7.89628009,10.07317226,5.815792998,6.634054159,6.534691686,6.43777588,2.429470198,5.579743104,5.836005454,6.591155795,3.359596474,4.883620471,2.064958829,2.947411747,3.083958123,3.056829733,1.057622059,2.404039088,2.71097755,3.085670332,1.484637518,2.16297749,0.9174366095
1.933167574,1.94138338,2.288875624,0.7415618247,1.816940952,1.808489996,2.308585023,1.454076379,1.451537941,0.4949913496,3.045133051,2.890524239,3.519280255,1.318732667,2.957914956,2.784099261,3.48826317,2.345516374,2.297593593,0.8039282873,4.957565598,4.408449878,5.60689102,2.47644085,5.009840203,4.42204984,5.430418281,3.921135306,3.780154451,1.413812331,8.511445075,7.049048033,9.66072028,5.056478419,8.98175812,7.398348183,8.944192274,6.992041781,6.603524524,2.936111896,18.58711548,15.06630401,26.14924862,14.96059088,19.24149621,16.22522067,19.44951603,16.6270628,14.00449813,11.18875828,7.830760807,6.421353588,8.932815378,4.827392785,8.319733317,6.806485071,8.175891522,6.47920414,6.087900955,2.787242458,3.400719025,3.002731194,3.968660161,1.936031624,3.493803621,3.088946935,3.715851765,2.761078471,2.610122501,1.06630211
0.6528886256,0.4736883737,0.7434067709,0.5129907685,0.7919768393,0.6251263024,0.6920111159,0.6950789489,0.5330216234,0.2312916089,1.164207734,0.7837114599,1.321253673,1.095377753,1.488034114,1.13939684,1.190461841,1.290777453,0.9846954289,0.5048067425,2.16188731,1.360409785,2.479580085,2.428996245,2.933143677,2.184816107,2.18033339,2.50880253,1.931343378,1.16761892,4.248933812,2.567153509,5.059482998,5.648676164,6.098607586,4.470792332,4.36467622,5.158124094,4.04995662,2.887375364,10.70736814,7.550995314,14.96059088,17.39293814,14.33090601,12.09344593,12.12021577,12.74598884,9.873030727,9.32265139,4.020062835,2.411789589,4.815745176,5.484175682,5.815092002,4.261600709,4.126887997,4.910926186,3.863890315,2.815082081,1.6121254,0.995418479,1.894440876,1.998005899,2.242725786,1.677424342,1.620204335,1.913194819,1.480623243,0.9711936502
1.631652912,1.329617319,1.809251976,0.7906401848,1.867833287,1.476887438,1.918852899,1.627864334,1.30358515,0.3998325994,2.750969162,2.118557924,2.949081582,1.486509994,3.206382369,2.454403817,3.070115243,2.733357888,2.191334841,0.7396845833,4.803908878,3.500461988,5.000793522,2.931586097,5.715848029,4.239602803,5.093648455,4.742377741,3.838902731,1.473278205,8.766447115,6.060859844,8.974804382,6.097403525,10.68191067,7.64886973,8.864082669,8.592255431,7.062859203,3.197935836,18.31860111,11.90162998,19.24149621,14.33090601,23.50925398,14.89473507,16.81299516,17.42999446,13.92492567,8.620886717,8.165148179,5.588933185,8.335799299,5.817958411,9.991275947,7.122100474,8.178192691,8.000514821,6.584452465,3.059285718,3.405391351,2.426306124,3.53770771,2.248688781,4.105493937,3.024673903,3.540914208,3.382226811,2.732725289,1.130832597
1.614576618,1.623923898,1.806300324,0.6231575073,1.481783835,1.563850365,1.821241991,1.167918346,1.154116042,0.4437443277,2.602433826,2.471821064,2.781423907,1.136766446,2.459936037,2.515519071,2.756894665,1.942737821,1.836244722,0.7395803253,4.347873525,3.875019323,4.41913137,2.18162279,4.245166405,4.228021278,4.280824425,3.368117979,3.02211289,1.311731639,7.595113495,6.357168752,7.395957026,4.467819898,7.653064195,7.53404395,6.940217724,6.150143781,5.196402473,2.537711323,15.21902825,12.9729163,16.22522067,12.09344593,14.89473507,17.51222433,14.31260813,13.02500079,10.15236339,6.779296825,7.025437041,5.828875009,6.812670746,4.272407503,7.112716383,7.022978386,6.329060305,5.737947705,4.782883147,2.403836238,3.034896996,2.68396992,3.105430923,1.713927065,2.998200089,3.057660646,2.916415341,2.423338337,2.082309195,0.9975324381
1.921239684,1.982100881,2.305814038,0.6904243908,1.926402516,1.821001592,2.560597487,1.562145719,1.603158855,0.5451699806,2.968084397,2.960669697,3.485174745,1.188399579,3.079067483,2.756775496,3.922480579,2.432167795,2.567833189,0.9171222129,4.714672145,4.534878097,5.427365156,2.177868396,5.103155527,4.280856197,6.209674407,3.881337972,4.287256203,1.66781213,7.795705238,7.243540657,8.941944421,4.362389125,8.871706035,6.940345698,10.36664797,6.459491415,7.570735403,3.374918751,14.92638666,14.32107084,19.44951603,12.12021577,16.81299516,14.31260813,22.2189396,12.80227394,15.21659354,9.3758347,7.097345783,6.584944959,8.180325269,4.135391994,8.158393847,6.328548,9.504787906,5.902658682,6.999376076,3.204293838,3.130826409,3.06238292,3.72468816,1.648690073,3.480158879,2.915629237,4.278328915,2.638943064,2.983865658,1.263765436
