38.5284869,32.28278701,21.68257446,29.37440591,30.98321006,23.38403178,28.35161594,24.48481798,37.58145545,30.90133235,24.50280909,30.32293834,32.65106664,26.73901552,31.49912557,34.18977248,28.9252614,28.54602703,27.47351306,26.47580918,18.11037635,16.75712792,12.00325006,13.6142757,15.870719,11.67570829,14.62313888,12.45998205,18.65944392,14.81173977,12.43683572,16.47841846,16.52474803,14.44509866,16.55623814,16.78374593,15.23174795,15.15288429,13.76603586,13.56202004,10.39206416,10.16404808,7.342948155,7.622611623,9.720185871,7.098497233,8.701038825,7.241496122,11.08367877,8.777981045,7.386901039,9.984503237,9.67577888,8.843586108,9.73176226,9.893947717,9.173567189,9.09231671,8.19289246,8.217638804,6.197985662,6.422658929,4.575312199,4.423950493,6.153613697,4.498990862,5.310185786,4.379477234,6.83598334,5.453244512,4.564750286,6.27129331,5.878671024,5.602892615,5.926618976,6.15795124,5.723320097,5.677795168,5.039361394,5.196718069,3.689307499,4.055852392,2.831814885,2.558932763,3.875297154,2.857370341,3.216304417,2.65713701,4.203000475,3.393288929,2.815871334,3.938715775,3.573785325,3.558962373,3.618345216,3.865900978,3.574644202,3.552132459,3.084021596,3.29535361,2.087699068,2.423697206,1.661428955,1.403435307,2.30772709,1.720925106,1.837682277,1.534787225,2.449881197,2.004721114,1.647669609,2.346475064,2.062553022,2.144564869,2.1056292,2.311683931,2.120715924,2.10685395,1.782885819,1.98074501,0.9602080865,1.168829426,0.7944339902,0.6119090957,1.113488495,0.8341993407,0.8350769379,0.7142239135,1.158764668,0.9585349587,0.7821034457,1.133605911,0.9545589044,1.041359361,0.9996523266,1.117015247,1.018529346,1.004231678,0.8249326536,0.9565908969
32.28278701,59.99715807,37.3891458,28.3865127,45.17185122,36.20053909,33.68251786,28.67622796,42.6806098,44.92136098,32.0390301,43.8062657,47.5213989,47.25032044,44.51092799,53.88571277,37.89637187,43.59683229,42.74040163,41.64126024,16.7556517,34.89527626,21.89077615,14.05886142,26.85909847,21.95676488,19.48416836,16.30855631,24.55864285,25.07317802,18.02967311,27.17201434,28.01590683,30.79548396,26.5006325,30.86492939,23.04996932,25.72126805,25.44289536,25.2163928,10.15854398,23.84869325,14.8856501,8.057825515,18.49004351,15.48449692,12.46742844,10.61054305,16.17624781,17.08220019,11.94330318,18.56957173,18.819235,22.09644923,17.75953814,21.20548356,15.99086185,17.64356835,16.96188835,17.32541606,6.407470179,16.70252185,10.32640784,4.776610051,13.00085964,11.17005228,8.170378558,7.174127831,10.96241296,12.0233257,8.173445147,13.01624819,12.94904279,16.03296871,12.21138509,15.05791931,11.35814581,12.45568897,11.54315945,12.258107,4.019027327,11.49448294,7.046922083,2.816106877,8.963708097,7.889549402,5.286225485,4.817475516,7.33435492,8.32200829,5.521225498,8.986135645,8.772072707,11.34590254,8.297419065,10.52602998,7.931453122,8.639983573,7.721267618,8.548516061,2.342515788,7.338026057,4.491082595,1.538093843,5.734272957,5.147241737,3.168596836,3.01394243,4.562819253,5.339161128,3.472515696,5.759481648,5.509479066,7.404964846,5.26664394,6.821970187,5.131668816,5.544837335,4.794290613,5.530875527,1.019075676,3.705525145,2.307562017,0.5829178049,2.909738466,2.639680732,1.43257349,1.457985352,2.222871538,2.697984597,1.724054412,2.907004662,2.692211575,3.806422907,2.675129688,3.486650866,2.615486364,2.784157831,2.331273163,2.81359025
21.68257446,37.3891458,34.43991652,21.82128625,32.04786917,27.0558414,24.92893301,20.04405889,29.02058957,32.5152109,23.47794553,27.52941685,34.16985799,31.51481864,32.88602183,35.9300314,26.35629009,30.86065803,31.10025758,29.40773969,12.00161936,21.88777301,18.62079088,11.57422345,18.15893336,15.02504007,14.25387947,11.36812555,16.84239653,17.62655819,13.15590868,17.25823733,20.34610883,19.67126094,19.73686607,19.99530637,15.54170587,17.73184771,18.36282598,16.95385979,7.337655374,14.87705473,12.09140539,6.923050013,12.10062201,10.01278224,8.935051017,7.179846591,10.89257139,11.74645608,8.490561818,11.61380018,13.55686603,13.87424562,13.00367614,13.36496103,10.37645869,11.6896921,12.18328685,11.15339619,4.562229725,10.30771163,8.034367067,4.20658788,8.241761582,6.902826327,5.701308284,4.681460279,7.177543205,8.066683908,5.633772837,7.957167415,9.167085363,9.895886777,8.702222209,9.196033259,7.077156331,7.922626667,8.225893164,7.56151062,2.802783754,7.010478735,5.281876447,2.525386959,5.523492584,4.709622741,3.594097055,3.039373327,4.671623912,5.461783334,3.702194247,5.370265014,6.09661095,6.892788931,5.749864176,6.245306709,4.770536276,5.305481796,5.460011527,5.082943055,1.601753991,4.425329265,3.265404531,1.414267518,3.450576996,2.996367067,2.111602678,1.849275953,2.838359575,3.443272818,2.278106139,3.374539897,3.771415493,4.441569906,3.56036733,3.951658812,3.00301063,3.31250022,3.37205859,3.195671146,0.6895607076,2.20743767,1.636814083,0.5930435834,1.713904552,1.509671724,0.9514756352,0.8751295503,1.355490636,1.719266043,1.114956141,1.672771746,1.83098232,2.264442293,1.769575081,1.978267004,1.501546016,1.629879314,1.641897431,1.590659224
29.37440591,28.3865127,21.82128625,40.32624081,32.96432905,19.47487651,23.92766832,26.12905165,34.20990802,28.04669793,18.84726835,35.45243348,33.921428,25.53818927,31.88113757,34.22689996,28.61691953,24.24027786,30.19019894,28.48923564,13.61414713,14.05990035,11.57444068,19.33759078,16.49314828,8.319978404,11.94524789,13.70490857,16.06351661,12.55644094,9.321122765,19.30858041,16.9320009,12.78163507,17.21508793,16.65078877,14.53631347,12.93385995,15.10093269,13.6853285,7.622155816,8.061369729,6.924149666,11.04828489,9.80732631,4.591427319,7.131328594,7.910445862,9.020054382,7.034420841,5.394294931,11.22536266,9.581159075,7.394360209,10.1334509,9.416771297,8.340275297,7.641377687,8.912494197,7.671290344,4.42295507,4.786593898,4.210564822,6.494607507,5.978309784,2.629058176,4.362379572,4.674951003,5.237149792,4.103768921,3.228053067,6.6808366,5.57413837,4.3974815,6.099467193,5.521908631,4.898339155,4.647428823,5.409885118,4.450022644,2.557395514,2.842249115,2.537397229,3.809372831,3.613259457,1.503880627,2.642395788,2.750565945,3.03363955,2.395739172,1.924128938,3.966467334,3.239043186,2.615098887,3.652823525,3.243246658,2.865205627,2.816841134,3.267590822,2.589250113,1.402358767,1.602229638,1.446032692,2.126366178,2.062939225,0.8186673803,1.509345628,1.535622122,1.670012876,1.332044147,1.087598215,2.238101367,1.791170185,1.481776307,2.073413033,1.812398847,1.5936147,1.615826846,1.870222482,1.43724134,0.6164756554,0.7234454126,0.6645544307,0.9635406009,0.948472464,0.3567283524,0.6924944834,0.6903648077,0.7412345915,0.5975265488,0.4977448174,1.021781033,0.7967923228,0.6808631429,0.9494450174,0.8132921535,0.7196762521,0.7437524741,0.8646119461,0.6428164877
30.98321006,45.17185122,32.04786917,32.96432905,50.7960123,32.96031746,31.30452211,31.33613997,41.26846385,38.77188521,27.07613629,44.13476504,41.68156033,40.64645456,39.47733555,50.87951027,37.38920791,40.5244846,38.48729157,38.60174347,15.8698284,26.85891312,18.16095898,16.49104266,28.42929735,18.41854447,17.86995754,17.85971502,22.81132257,19.88362912,14.74585208,27.93775868,23.95561601,25.50048773,24.28249045,29.79903835,23.10877175,24.90217492,20.93044166,22.96256704,9.716252843,18.4889921,12.10625454,9.801113427,19.2678551,12.83624599,11.77770852,11.56057633,14.80768601,13.13280423,9.663784841,19.22073448,15.69392326,18.21487764,16.46041632,20.70940265,15.99073456,17.37083793,13.43593123,16.09257617,6.14175378,12.99786026,8.253828953,5.963436574,13.37928619,9.210283503,7.890038491,7.727629178,9.888255447,9.045645898,6.553833227,13.46538042,10.53410982,13.1715887,11.34643078,14.77603775,11.2682575,12.36692211,8.840497122,11.5452073,3.845046712,8.957189705,5.546891951,3.579441413,9.13137048,6.483286447,5.179604717,5.121981083,6.531017778,6.157077653,4.387043698,9.259734941,6.982288912,9.288324545,7.690092863,10.33773135,7.800945895,8.610691158,5.733416734,8.111581532,2.238780889,5.722364232,3.492710875,1.987959094,5.799155151,4.221208343,3.135451063,3.169309713,4.024805153,3.901197789,2.737106319,5.906701394,4.307507783,6.040113887,4.858407343,6.696360821,5.00809902,5.53573989,3.464246465,5.264728633,0.9815506326,2.891431621,1.776658402,0.7930428011,2.932974593,2.155971318,1.43304684,1.526682501,1.946306883,1.942907679,1.344621776,2.969719696,2.061987886,3.081760579,2.453206402,3.422792809,2.530859112,2.788209052,1.633395137,2.677705277
23.38403178,36.20053909,27.0558414,19.47487651,32.96031746,38.80381966,25.57620734,23.54787681,29.55698672,35.59894177,24.92302855,31.73265177,32.60676891,36.34850327,30.48775247,41.31014749,32.93394943,32.75458331,27.04960971,32.43630582,11.67428869,21.95382317,15.02635298,8.31871773,18.41557691,20.8454456,13.28356781,13.09599837,16.24406091,19.00316984,13.72455333,20.29698057,19.16949997,22.91905699,18.58682804,24.20370955,19.82010689,19.70197287,14.41263979,18.97308393,7.09376208,15.47774905,10.01720016,4.587504559,12.83018958,13.96304239,8.296571955,8.345528859,10.86730068,12.78249598,8.831639287,14.07372764,12.96699863,16.56679945,12.54467042,16.80032666,13.60384996,13.49266132,9.501946548,13.24304449,4.48685875,11.15898929,6.913818366,2.618888633,9.201976534,9.750108449,5.392348908,5.574426945,7.514124833,8.943112046,5.928642292,9.988526318,8.986472698,12.14068103,8.692389717,12.04076322,9.610856905,9.552367037,6.48317122,9.548574217,2.82935367,7.875014205,4.733626107,1.478758347,6.475819079,6.762585478,3.488743546,3.732889876,5.132002533,6.18346832,3.970475764,6.980247586,6.133764523,8.672309627,5.96384425,8.500047856,6.708415158,6.672691159,4.364732056,6.776952946,1.661129501,5.134189661,3.044382018,0.759039764,4.222698781,4.37696705,2.092968055,2.34399391,3.254148605,3.9771552,2.49454536,4.525615508,3.879998589,5.705659148,3.829035784,5.565932121,4.352503147,4.318919476,2.724711572,4.451177176,0.7271955644,2.64496169,1.592626875,0.2277865508,2.185037822,2.244134489,0.9290664481,1.143194473,1.612416019,2.021261803,1.241144039,2.311766844,1.904367014,2.950575216,1.977909519,2.882330822,2.230157745,2.187331832,1.317096731,2.295448256
28.35161594,33.68251786,24.92893301,23.92766832,31.30452211,25.57620734,33.46911612,20.45882047,30.76758069,27.84631284,21.95782526,28.93636916,29.56626744,28.05441804,30.32215214,32.74746111,28.51200169,30.88607582,26.65986518,29.14431108,14.62380269,19.48892201,14.25687077,11.94449874,17.87474121,13.28923575,17.64677101,11.59300729,16.51139773,14.50970607,12.38393138,18.05789809,16.57015419,16.50153397,18.10550582,18.89980603,16.18187316,18.57528281,14.50444692,16.56058265,8.702241763,12.48019315,8.943315251,7.129154661,11.79071057,8.31118429,10.79319458,7.227949394,10.34397872,9.019155737,7.64036465,11.87892915,10.33533775,10.91021294,11.4576938,12.31591004,10.30236621,12.03636007,9.118184357,10.70037115,5.311272193,8.196892524,5.718893936,4.357205642,7.917244816,5.421221379,6.745047409,4.637454577,6.648196097,5.802675373,4.82979278,7.945331642,6.598827081,7.375374838,7.393753447,8.266713198,6.759023814,7.981480841,5.846608131,7.113430039,3.215403455,5.336759235,3.628167358,2.630557556,5.231572153,3.540670454,4.177416463,2.962751293,4.230412989,3.717757894,3.03722366,5.246722243,4.179436058,4.9286565,4.736365176,5.503371403,4.412665315,5.2401899,3.699416409,4.695023475,1.830657575,3.261035437,2.174060264,1.48260846,3.230329775,2.182085007,2.429649326,1.779898848,2.52642479,2.244248183,1.803229517,3.240255937,2.484790878,3.078262738,2.85838976,3.431255295,2.708012669,3.22228664,2.191615576,2.906040125,0.8171814193,1.589621783,1.054024779,0.6348216624,1.594299533,1.070721251,1.111106269,0.8410914992,1.198174353,1.07739494,0.8567061441,1.590968628,1.160311502,1.524243121,1.385627765,1.699024314,1.323128143,1.574129919,1.025149135,1.427922039
24.48481798,28.67622796,20.04405889,26.12905165,31.33613997,23.54787681,20.45882047,30.120489,29.56956441,27.88955228,20.69202355,32.59531007,27.1542069,26.13830962,28.44430168,34.48814842,28.81503631,28.54808623,27.16632943,28.18322884,12.45933543,16.30741036,11.36869995,13.70398376,17.85902111,13.0965823,11.59036763,15.84271175,16.22272248,14.42764305,10.51531505,19.00227574,14.9733987,16.03077737,16.17442106,19.03719587,17.18320895,16.19357074,14.74326287,16.19440412,7.23921393,10.60837302,7.182117496,7.907765015,11.559802,8.347148337,7.2212455,9.526751715,10.00628597,8.879618887,6.349858348,12.24939697,9.228486406,10.7639106,10.21673325,12.27441336,11.06415808,10.43673737,8.949835711,10.5401406,4.373467198,7.172319478,4.688025188,4.668573742,7.728757173,5.578261384,4.624564725,5.953252586,6.395047492,5.760287273,4.052936875,8.171487777,5.908210136,7.43034719,6.688909208,8.302466588,7.342610663,7.01991652,5.610443398,7.139870582,2.643142319,4.820632594,3.055848799,2.73601033,5.130089765,3.74181565,2.940543631,3.734245336,4.082152202,3.752939211,2.600297754,5.423601679,3.785283781,5.080693415,4.372029349,5.607982306,4.859890822,4.70674491,3.506344028,4.819194405,1.505090845,3.033994461,1.886765609,1.503070571,3.196007877,2.364425863,1.744102732,2.220429999,2.456263746,2.309707553,1.577874222,3.377502246,2.282193555,3.242718755,2.697302823,3.553713266,3.025878314,2.954007609,2.064799414,3.04741299,0.662725004,1.520638364,0.9491599711,0.6224908743,1.595705032,1.187228981,0.7897919475,1.050075671,1.172787109,1.132545322,0.7626023721,1.673231192,1.07384888,1.639053892,1.34373923,1.790694245,1.502551852,1.462435867,0.9597174948,1.526431535
37.58145545,42.6806098,29.02058957,34.20990802,41.26846385,29.55698672,30.76758069,29.56956441,48.37021915,36.73815699,27.22785631,37.18393884,39.97685108,33.51226279,34.72939256,41.51303655,35.14188247,32.72121446,36.99692351,36.19385837,18.65865128,24.55827233,16.84420134,16.06302823,22.81053009,16.2450568,16.50820539,16.2229258,24.91668801,19.25539557,15.0221977,22.07531213,21.79633318,20.31221798,20.04956116,22.90088924,19.89293001,19.25048331,20.0486042,20.34067109,11.08097617,16.17652029,10.89831871,9.018520069,14.80717913,10.87030136,10.33594118,10.00699754,15.37825591,12.42086475,9.563248415,14.38234522,13.6772901,13.96431696,12.88714503,14.99149788,12.94186068,12.74216811,12.5947552,13.26894643,6.828986017,10.9662015,7.191408217,5.232896712,9.891040447,7.521291089,6.632835897,6.396769547,9.83002686,8.330436319,6.283174448,9.658640697,8.885311047,9.804988236,8.526577609,10.22685226,8.71038812,8.691837397,8.122100327,8.97262034,4.186795052,7.348568979,4.701488387,3.022187483,6.544248904,5.1478596,4.203990356,4.085640818,6.25835381,5.543930497,4.092764686,6.440225462,5.747590645,6.774362186,5.605260461,6.935427564,5.828290879,5.862475981,5.186506457,6.035017204,2.415209754,4.601374439,2.897427662,1.640468386,4.063059422,3.286731953,2.483198647,2.461967279,3.756046418,3.456591875,2.502831617,4.026194613,3.490353963,4.349174374,3.468030515,4.403093231,3.657041423,3.686389,3.104816459,3.804272595,1.094857262,2.296996219,1.451189622,0.6711406778,2.024623395,1.662531619,1.128695435,1.173463595,1.803145107,1.715550303,1.221585491,2.00687273,1.667732829,2.209482887,1.730346389,2.223235654,1.828227372,1.827754519,1.46939573,1.904164559
30.90133235,44.92136098,32.5152109,28.04669793,38.77188521,35.59894177,27.84631284,27.88955228,36.73815699,46.7548346,29.16829523,38.20119254,42.105521,42.0766053,37.2649572,46.22552943,35.97228581,38.32445844,36.76982791,37.46765113,14.81003586,25.07075548,17.62758979,12.55614529,19.8819869,19.00300965,14.5058245,14.42763693,19.25408965,23.10620593,14.88888837,22.04196295,23.46216211,25.30128447,20.93245383,23.70622849,20.54318482,20.73198117,19.7669723,20.24873317,8.772520392,17.07655207,11.74997746,7.033036574,13.12967578,12.78223909,9.009018565,8.879430303,12.41705449,15.13902854,9.561755925,14.41337671,15.44522902,17.63840741,13.67584932,15.58573606,13.59055535,13.45407125,13.00231139,13.3287018,5.439762017,12.01375802,8.075574447,4.098878471,9.041849615,8.942887659,5.78229898,5.75905489,8.321726514,10.39035815,6.454151629,9.782171519,10.4856758,12.55121959,9.245689126,10.785243,9.265486336,9.135621491,8.853731647,9.162909614,3.363166986,8.308526484,5.48152554,2.381040955,6.15487634,6.183481669,3.68035486,3.748055031,5.525631165,7.062283098,4.325832253,6.594979666,7.035592684,8.759824172,6.205839646,7.411307691,6.265802898,6.16612235,5.947415082,6.257927204,1.942343687,5.32436127,3.483502638,1.293109403,3.906242669,3.977710077,2.178839164,2.294819371,3.421007397,4.476600001,2.709187908,4.159429124,4.393691588,5.666791184,3.907669762,4.749824148,3.964820144,3.884967506,3.713584758,3.992078467,0.8506950641,2.695320443,1.790511146,0.50927954,1.971193702,2.024283365,0.9740040084,1.096795528,1.664499429,2.253516533,1.346434593,2.080002455,2.148916588,2.9043494,1.978169656,2.409019992,1.997836015,1.925141532,1.820745192,2.013786971
24.50280909,32.0390301,23.47794553,18.84726835,27.07613629,24.92302855,21.95782526,20.69202355,27.22785631,29.16829523,26.64079707,27.59274378,27.09222304,25.04461501,29.06404872,33.32851846,21.96192905,27.32265969,25.84775736,24.28592797,12.43599244,18.02892838,13.15681544,9.320899328,14.74527723,13.72492598,12.38180344,10.51545385,15.02179383,14.88938801,12.80065985,15.45620077,15.30431312,15.48658236,15.85088124,17.08045668,13.00987629,14.76846326,14.38876308,13.23256161,7.384093357,11.94158561,8.493302399,5.393373368,9.662789455,8.832512846,7.634738371,6.350038907,9.561865274,9.56294843,7.802285271,9.983319409,9.982496406,10.70477625,10.00651733,10.90978739,8.576002967,9.43848775,9.280541855,8.582562855,4.557644486,8.170693378,5.640077915,3.225013418,6.55300454,5.930225814,4.818372974,4.052702751,6.279627243,6.45630645,5.022565345,6.707837918,6.704513617,7.544746142,6.56923812,7.359326229,5.807766156,6.308088335,6.172130029,5.832074155,2.799782962,5.518019255,3.715242973,1.915271555,4.388015003,3.973231483,3.016158206,2.598352597,4.084772433,4.32936762,3.235531646,4.475343523,4.448685715,5.221953047,4.298765246,4.951512595,3.90144169,4.196632327,4.055075841,3.945278312,1.614186188,3.471346706,2.303282176,1.064299761,2.744046233,2.499686966,1.766419214,1.571238722,2.486911548,2.714700521,1.966259874,2.796155957,2.750276803,3.354378273,2.650350726,3.122335729,2.45358386,2.614107147,2.485878983,2.496715911,0.7240683016,1.733199871,1.157085813,0.4436595606,1.368832008,1.252842413,0.7986551741,0.7465398963,1.200354851,1.35342848,0.9585426452,1.390523429,1.333292298,1.706858598,1.316759789,1.565250214,1.228076108,1.287626021,1.203056206,1.250321947
30.32293834,43.8062657,27.52941685,35.45243348,44.13476504,31.73265177,28.93636916,32.59531007,37.18393884,38.20119254,27.59274378,55.49683167,42.59142324,42.87012166,44.10362013,54.43123117,40.39372767,42.94043242,33.62052235,41.69523595,16.477353,27.17102802,17.25987452,19.30612049,27.93744761,20.29977921,18.05250807,19.00285226,22.07585668,22.04299767,15.45642835,33.46170844,25.38562677,28.51195657,26.82344225,33.3084483,26.19646828,27.03041918,19.79849014,26.13504781,9.980067542,18.56697245,11.61871254,11.21816295,19.22057512,14.0797503,11.86453903,12.25009116,14.38239662,14.41515536,9.983549939,22.2635088,16.38989062,20.01637267,17.7415196,22.74119353,17.93180603,18.66122472,12.68286108,17.91360669,6.258326084,13.01178714,7.968710417,6.663845267,13.46677379,9.997915154,7.915892289,8.170801199,9.655498432,9.784116249,6.707608031,15.22058386,10.88559835,14.26896703,12.04915164,15.99993789,12.50760747,13.17488571,8.329141505,12.63093023,3.906256256,8.981094656,5.395092647,3.928517943,9.26616913,6.992441887,5.191996,5.417685077,6.427695968,6.596197735,4.473707481,10.30099694,7.177127711,9.978885955,8.104040084,11.10822153,8.600597834,9.134707542,5.410693989,8.788739122,2.273391616,5.759260287,3.424541773,2.155520397,5.925714008,4.538092018,3.143293337,3.357428527,3.992053084,4.158330707,2.790892433,6.509250217,4.41836578,6.461931116,5.104681278,7.170613116,5.499823682,5.863382442,3.278016015,5.677548067,0.9948607239,2.923335255,1.757514556,0.8537249735,3.013731971,2.314785434,1.430676332,1.619511585,1.940387868,2.067970078,1.373185539,3.258663745,2.11079422,3.291133422,2.57900738,3.661999294,2.774909445,2.951645631,1.543879592,2.882472091
32.65106664,47.5213989,34.16985799,33.921428,41.68156033,32.60676891,29.56626744,27.1542069,39.97685108,42.105521,27.09222304,42.59142324,52.43735474,44.41154525,43.56547485,49.50985377,38.52456595,36.96237829,38.00232864,35.48981677,16.52336831,28.01555921,20.34802156,16.93184772,23.95583829,19.17088964,16.56724693,14.97423548,21.79606552,23.4635014,15.3045933,25.38658202,29.75830019,27.82862639,25.5652603,27.95348339,22.21226752,21.71730867,22.30580018,20.47144048,9.671212651,18.81925015,13.56284869,9.580228952,15.69576096,12.97096945,10.32779714,9.230605014,13.67633471,15.44899592,9.983484485,16.39341707,19.12817772,19.08817796,16.54993511,18.28834845,14.38142715,14.32524223,14.65883956,13.39158844,5.867193181,12.95162588,9.18138774,5.570384493,10.5408134,8.995458453,6.583924155,5.912056766,8.882874063,10.49397913,6.707170496,10.89488666,12.60134102,13.31591003,10.97443317,12.36905798,9.590654819,9.717471609,9.8464448,9.073579242,3.547975165,8.782896176,6.127437126,3.226951461,7.001046002,6.152799327,4.152900863,3.791052358,5.742337133,7.052560587,4.455076466,7.198375545,8.228489188,9.137499566,7.217046541,8.302836428,6.362827017,6.521342537,6.522536665,6.117258921,2.009270867,5.541551267,3.833489046,1.757923556,4.353282597,3.918916488,2.440441351,2.289190333,3.481175321,4.426993188,2.764599677,4.463237387,5.031775961,5.833523157,4.460605886,5.217986413,3.964979098,4.082772465,4.026636832,3.862176677,0.8640794196,2.770003988,1.940573506,0.7203461567,2.160734258,1.977116957,1.093910302,1.079107787,1.664604351,2.207950199,1.362498331,2.1989703,2.432720792,2.958034036,2.218844657,2.60802093,1.973275192,2.015015748,1.959857151,1.929962045
26.73901552,47.25032044,31.51481864,25.53818927,40.64645456,36.34850327,28.05441804,26.13830962,33.51226279,42.0766053,25.04461501,42.87012166,44.41154525,53.80888928,42.14385866,52.27300123,39.79037348,42.42545246,34.71925884,40.01484678,14.44321986,30.79330896,19.67326772,12.77963737,25.49945074,22.92140654,16.49508661,16.03144673,20.31192116,25.30224357,15.48649131,28.51166444,27.82710152,34.76204122,26.87429086,33.09902163,25.74303482,27.52218938,21.1783877,25.65689252,8.836783449,22.09083241,13.88023884,7.38797051,18.21323258,16.57203724,10.89305538,10.76482826,13.96218728,17.63992887,10.70420549,20.01601012,19.08292816,24.9439537,18.43417388,23.43074378,18.17371482,19.34762851,14.5662167,18.33294027,5.584488967,16.02221806,9.909543363,4.380872211,13.1704927,12.14897831,7.340198785,7.429626187,9.797250344,12.55207704,7.54278557,14.26849968,13.3022526,18.10101941,12.87740025,16.9047126,13.0244416,13.82834613,10.17110801,13.32225065,3.514932078,11.32806906,6.920745178,2.574693389,9.290376495,8.682687645,4.862735032,5.072875385,6.752530892,8.757071549,5.21653097,9.977280051,9.105737706,12.82354599,8.865227123,11.95288743,9.151886129,9.681392761,6.948707458,9.468695586,2.048316469,7.37939305,4.494853579,1.388223074,6.050919618,5.714268531,2.96008502,3.214671293,4.297053659,5.654264046,3.341058248,6.456001597,5.765114864,8.383790479,5.68968237,7.815431114,5.949288159,6.259094563,4.381274456,6.207868229,0.8645147684,3.782670751,2.351901151,0.484826844,3.114050014,2.948019497,1.327925963,1.565338784,2.117187302,2.870589908,1.676950509,3.278513949,2.828296138,4.316566826,2.921938429,4.026077992,3.043534785,3.161380028,2.141419918,3.186505228
31.49912557,44.51092799,32.88602183,31.88113757,39.47733555,30.48775247,30.32215214,28.44430168,34.72939256,37.2649572,29.06404872,44.10362013,43.56547485,42.14385866,48.668535,51.43701177,35.67462197,40.34076121,34.39299976,35.75811745,16.55470068,26.49814212,19.73736318,17.21381892,24.28105685,18.58700478,18.10137496,16.17418637,20.04852988,20.93197286,15.850295,26.82233592,25.56344365,26.87293064,27.68086574,29.83656413,21.96092356,24.33253291,20.4931884,21.68821378,9.726359422,17.75256366,13.0052773,10.12947701,16.45669952,12.54389715,11.44650209,10.2152362,12.88317378,13.67367789,10.0046049,17.73816111,16.54416512,18.42995748,17.74042831,19.75853643,14.71734204,16.22712718,13.31532181,14.56002698,5.912462351,12.19704154,8.706361885,6.089338919,11.33930002,8.688374441,7.370541221,6.683725258,8.515772233,9.2396502,6.564712543,12.04136333,10.96070672,12.86799007,11.69060947,13.51517284,10.0733642,11.10580487,8.831102615,10.06911929,3.585536432,8.27195146,5.759692126,3.628551502,7.678279669,5.952260403,4.692723551,4.357843992,5.579999567,6.192218323,4.289428728,8.087739751,7.187963104,8.847214608,7.658607891,9.163350287,6.815786668,7.510349002,5.779881018,6.891334491,2.035903388,5.225996993,3.581720958,2.017759467,4.840753531,3.801710467,2.78047653,2.663017251,3.414793935,3.880118501,2.632420519,5.072218894,4.402856401,5.65783378,4.722381681,5.805294563,4.30386671,4.731286939,3.527439232,4.394171493,0.8735237204,2.616055568,1.80493422,0.8334333224,2.427492248,1.918016971,1.2562149,1.267933422,1.637204936,1.923640054,1.282943589,2.516733474,2.111830568,2.863529649,2.344882099,2.919595636,2.153223564,2.348586983,1.689045676,2.207659764
34.18977248,53.88571277,35.9300314,34.22689996,50.87951027,41.31014749,32.74746111,34.48814842,41.51303655,46.22552943,33.32851846,54.43123117,49.50985377,52.27300123,51.43701177,68.56932763,44.70419933,51.6019205,37.57359177,46.69053625,16.78234023,30.86287527,19.99741975,16.64785393,29.7970627,24.20614502,18.89235594,19.03723126,22.90107863,23.70738769,17.08060977,33.30661597,27.95221589,33.09795366,29.83717127,38.56606343,27.64961309,30.54985495,20.29474302,28.07571259,9.888352512,21.20020545,13.37134837,9.408192512,20.70520411,16.80514953,12.29617688,12.27359597,14.99043521,15.58765781,10.90979099,22.73651715,18.28380668,23.42744557,19.76079028,26.45249826,19.2708467,21.10171051,12.95690544,19.6041851,6.141945427,15.04837271,9.210959835,5.501583943,14.77003267,12.047139,8.226662586,8.29844168,10.22093629,10.78701708,7.358510111,15.99077171,12.35711833,16.89757591,13.52107653,18.82117434,13.74314202,15.03807804,8.584397181,14.13550592,3.826301233,10.51237463,6.276923402,3.197505848,10.33208147,8.505466015,5.429512233,5.59520218,6.916536046,7.411220173,4.948418471,11.09186939,8.275166212,11.94005203,9.176638898,13.20538877,9.639258053,10.53193031,5.635409421,10.02355674,2.223400005,6.808375861,4.013967077,1.71201468,6.697171347,5.564194129,3.30161366,3.520090064,4.355535972,4.744454207,3.113607466,7.143038691,5.158411052,7.795062481,5.833104758,8.600435317,6.26127951,6.819293884,3.443174013,6.569916251,0.9541322072,3.488215525,2.082436164,0.6081327896,3.445485672,2.860524542,1.489151891,1.713328715,2.137220331,2.387721373,1.54142537,3.62255166,2.491522822,3.995892613,2.978277452,4.43209615,3.196117746,3.45851421,1.624314519,3.373839045
28.9252614,37.89637187,26.35629009,28.61691953,37.38920791,32.93394943,28.51200169,28.81503631,35.14188247,35.97228581,21.96192905,40.39372767,38.52456595,39.79037348,35.67462197,44.70419933,43.63298368,37.46378534,27.31207301,38.0241403,15.2305564,23.04724523,15.5427704,14.53428169,23.10648806,19.82092923,16.17603988,17.18284883,19.8924627,20.54314446,13.00952574,26.19424866,22.21052789,25.74084497,21.96080091,27.64842813,25.66564015,23.62498332,15.63433469,23.95870209,9.169276101,15.98472181,10.38026502,8.334283795,15.98651239,13.60576117,10.28734514,11.06303632,12.94007689,13.59015846,8.575126674,17.92722659,14.37643785,18.16877018,14.71827477,19.26918418,17.22469724,16.2949008,10.06685616,16.55507861,5.711730997,11.34876489,7.087235056,4.883903257,11.26395909,9.614382341,6.729467132,7.339705625,8.705390174,9.264424363,5.806173183,12.50120913,9.579638622,13.01689123,10.07799095,13.74314034,11.88866917,11.48365187,6.645254263,11.70564583,3.546876608,7.921469173,4.79383445,2.832012762,7.801734894,6.71453492,4.359852382,4.852688048,5.815920982,6.263981115,3.898836989,8.594389119,6.340456799,9.143847047,6.829433466,9.645885418,8.129105329,7.962962922,4.340889986,8.159794202,2.059643024,5.128839013,3.051349771,1.51906256,5.024962099,4.36192304,2.617658437,3.008114781,3.628986083,3.961910134,2.448700667,5.498022148,3.920537852,5.946081518,4.336184769,6.283656456,5.18839293,5.117933309,2.642179522,5.283292175,0.9043570546,2.629822614,1.581215054,0.562849957,2.576748415,2.233901291,1.175659158,1.456614345,1.776320165,1.983892096,1.211464252,2.778625271,1.883751256,3.044155975,2.215677033,3.236912511,2.623708293,2.578179007,1.24322081,2.694200003
28.54602703,43.59683229,30.86065803,24.24027786,40.5244846,32.75458331,30.88607582,28.54808623,32.72121446,38.32445844,27.32265969,42.94043242,36.96237829,42.42545246,40.34076121,51.6019205,37.46378534,49.80190439,31.02772591,40.65278407,15.15263517,25.72338544,17.73483646,12.93127099,24.9046217,19.70775856,18.57098538,16.19562706,19.25304126,20.73521931,14.76995272,27.03341604,21.71827291,27.52616717,24.33562848,30.55560711,23.63027775,29.01633297,17.69681705,25.37060927,9.090016767,17.6486293,11.6979033,7.633830271,17.37737655,13.50612771,12.02464519,10.44110819,12.74731267,13.46138525,9.441878729,18.66850324,14.32647974,19.35702194,16.23524703,21.11591298,16.30705549,19.59881018,11.34155948,17.5346688,5.669033107,12.46510315,7.940046597,4.629755939,12.38017658,9.57543626,7.956850145,7.025982774,8.698271629,9.147854813,6.313710148,13.18777798,9.71688115,13.84499628,11.12182584,15.06411491,11.50375178,13.64826901,7.492511877,12.43768542,3.527024342,8.656334473,5.339123005,2.777762853,8.634753189,6.706465481,5.192822833,4.711520824,5.865627925,6.183864619,4.204351983,9.15388447,6.513674636,9.707499006,7.538365786,10.57332623,7.990250787,9.374760758,4.897182368,8.682359778,2.045774226,5.573095919,3.373545351,1.531638336,5.576694359,4.361270454,3.135138358,2.948979567,3.675495631,3.907432483,2.622188265,5.887341777,4.056369786,6.29649954,4.776998805,6.877880462,5.147674932,5.98214707,2.980793213,5.617555662,0.8849366556,2.834326873,1.725539556,0.5738481907,2.855963555,2.22794644,1.426594868,1.428834601,1.794579602,1.943691347,1.288436103,2.978014483,1.949532908,3.208923656,2.422316259,3.530819761,2.607501587,3.005602913,1.405846602,2.855429395
27.47351306,42.74040163,31.10025758,30.19019894,38.48729157,27.04960971,26.65986518,27.16632943,36.99692351,36.76982791,25.84775736,33.62052235,38.00232864,34.71925884,34.39299976,37.57359177,27.31207301,31.02772591,43.50098154,30.9690286,13.76501369,25.44430865,18.36450757,15.10129755,20.93313784,14.41517172,14.50406323,14.74511284,20.04901699,19.76868483,14.38935291,19.80230599,22.30642039,21.18245725,20.49605841,20.29899736,15.63810253,17.69974349,24.57398566,16.69706305,8.18928237,16.96525164,12.18789151,8.912912658,13.44272142,9.508282881,9.116734101,8.954113438,12.59512576,13.00657244,9.281975026,12.69247691,14.6599496,14.57694475,13.32270784,12.96754931,10.07628594,11.34894995,16.14324941,10.61949271,5.029908648,11.54922324,8.235617959,5.40907165,8.853378265,6.495238315,5.842644699,5.617413343,8.12126526,8.86172877,6.174796496,8.347141155,9.847475648,10.19266707,8.845335794,8.604268002,6.662931088,7.506387695,10.8185801,7.003780437,3.062245821,7.731248619,5.478816569,3.261923807,5.755367588,4.385604966,3.690082114,3.515231541,5.182072213,5.960856829,4.059659598,5.440179078,6.522042749,6.987952541,5.8041574,5.668129016,4.370361764,4.920028584,7.139530175,4.594350921,1.73736111,4.810904003,3.406870341,1.851376012,3.500287812,2.759628041,2.172011917,2.072480437,3.093431844,3.735120018,2.493982041,3.322508264,4.021915705,4.449435196,3.56614376,3.493514554,2.689002493,3.015660765,4.396159161,2.827870135,0.7466052516,2.36308135,1.700347143,0.8192466197,1.693053275,1.374147427,0.9914377414,0.9601880641,1.456477093,1.854524677,1.220209684,1.609182807,1.949043658,2.253075368,1.74878278,1.699720254,1.320436881,1.45794458,2.151475175,1.378994557
26.47580918,41.64126024,29.40773969,28.48923564,38.60174347,32.43630582,29.14431108,28.18322884,36.19385837,37.46765113,24.28592797,41.69523595,35.48981677,40.01484678,35.75811745,46.69053625,38.0241403,40.65278407,30.9690286,47.98940108,13.56106852,25.21477099,16.95552236,13.68294368,22.96140105,18.97539733,16.554741,16.19468393,20.3410597,20.24956723,13.23269737,26.1340556,20.47029034,25.65615612,21.688938,28.07634303,23.96017065,25.36630199,16.69313193,28.00501109,8.213698492,17.32149114,11.15852717,7.664322197,16.0906635,13.24812328,10.68507041,10.54029391,13.26888582,13.33009381,8.582675674,17.91149299,13.38767238,18.33093629,14.56270008,19.60628858,16.55809037,17.52441491,10.60954667,18.90289775,5.185131475,12.25158037,7.573691444,4.433489043,11.54403435,9.556655791,7.082680061,7.138542612,8.969802016,9.16427525,5.831781184,12.62764344,9.063607551,13.31854655,10.07608049,14.14061509,11.70963818,12.41973568,6.984942877,13.1941861,3.266077215,8.540617,5.109046298,2.551929443,8.115002959,6.787671309,4.638726519,4.812846664,6.023965374,6.25830417,3.943669746,8.784442246,6.094635264,9.463620954,6.90692935,10.03441941,8.162821767,8.655615834,4.562779026,9.124856824,1.914394927,5.527426563,3.247803637,1.355047705,5.281601439,4.462654183,2.80756586,3.02794198,3.774295107,3.990036165,2.49157842,5.673335526,3.814445082,6.204120226,4.426768951,6.591558726,5.281723011,5.583669645,2.778601104,5.879869899,0.8324178586,2.832058328,1.680503057,0.4743460206,2.726068537,2.301863597,1.267705942,1.477714868,1.849847778,2.004885201,1.234810618,2.884178556,1.839296646,3.191063258,2.275344239,3.413256212,2.690989147,2.820998294,1.306733955,2.991271899
18.11037635,16.7556517,12.00161936,13.61414713,15.8698284,11.67428869,14.62380269,12.45933543,18.65865128,14.81003586,12.43599244,16.477353,16.52336831,14.44321986,16.55470068,16.78234023,15.2305564,15.15263517,13.76501369,13.56106852,38.43579332,32.0171052,21.54513572,29.33836122,30.73827611,23.15886678,28.22943548,24.35170173,37.39996813,30.71268587,24.38119062,30.06178562,32.47533247,26.44217475,31.30556127,33.87596812,28.67856735,28.29152487,27.35692447,26.2113334,17.9872135,16.44707484,11.83706385,13.55805301,15.58657708,11.42009386,14.47083721,12.3024405,18.43844772,14.58792967,12.28775105,16.17775589,16.31396859,14.10851608,16.3282129,16.43070547,14.94992123,14.86193267,13.61679791,13.26270873,10.22185653,9.793305446,7.135918579,7.53391443,9.381389666,6.802019969,8.503698287,7.048629975,10.80507675,8.505156099,7.19815519,9.629185587,9.414958811,8.454600162,9.454879194,9.488364033,8.843209556,8.751366052,7.996534932,7.871394235,5.953621614,5.96583145,4.308316208,4.282318357,5.735673026,4.144873902,5.043734863,4.133404264,6.470713717,5.10949355,4.31695941,5.837169077,5.543508607,5.141568278,5.577639526,5.678207388,5.322617414,5.265207831,4.773290233,4.784164193,3.325397884,3.472018043,2.473830712,2.329539463,3.338235302,2.417448996,2.841201713,2.327510141,3.703153028,2.942562343,2.477152614,3.385978733,3.123607591,2.992661282,3.158547885,3.275160628,3.067002551,3.032120418,2.711961049,2.784228511,1.523645139,1.641472486,1.159397531,1.023765084,1.581650581,1.144556987,1.286759894,1.066279968,1.731844217,1.381783155,1.160695437,1.604955862,1.424968541,1.416905118,1.466194821,1.540322502,1.441909211,1.415407639,1.242868541,1.313338802
16.75712792,34.89527626,21.88777301,14.05990035,26.85891312,21.95382317,19.48892201,16.30741036,24.55827233,25.07075548,18.02892838,27.17102802,28.01555921,30.79330896,26.49814212,30.86287527,23.04724523,25.72338544,25.44430865,25.21477099,32.0171052,58.81170157,36.77730497,28.32561023,44.17100136,35.20204814,33.25335198,28.16347206,41.99036135,44.07779813,31.54759554,42.73919061,46.72152299,45.88410936,43.68991551,52.53198564,36.87449282,42.53797023,42.20949566,40.53059623,16.4426981,33.54565379,21.18122474,13.96907058,25.741092,20.84543456,18.98918104,15.73540221,23.77245077,24.10692205,17.46222349,25.98739162,27.08949868,29.26245056,25.57013763,29.37036984,21.92255674,24.54638345,24.79869189,23.99236086,9.778122168,22.29169408,14.05142648,7.92197261,17.22380726,14.23507575,11.88229721,9.958972357,15.26440224,15.9614286,11.27757569,17.23732595,17.72937692,20.35831973,16.68931145,19.53752165,14.73307908,16.32361568,16.1682228,15.96195976,5.926288255,14.87514241,9.328553987,4.565126266,11.53970681,9.745171093,7.456691003,6.415014958,9.878849029,10.70161651,7.376279125,11.4901224,11.64038814,14.03448984,10.95583781,13.16699137,9.931585285,10.94684399,10.54719694,10.71514457,3.382461697,9.301319045,5.82596529,2.477639269,7.234581663,6.230360394,4.382277649,3.901729607,6.006425802,6.728157099,4.541140244,7.191670435,7.158641334,9.00259781,6.784960914,8.332500308,6.274456938,6.873065336,6.443012633,6.760488628,1.474893645,4.628548253,2.941903631,0.990727764,3.615526804,3.152889409,1.979466249,1.857188426,2.886152611,3.355154461,2.22468826,3.573200744,3.457470534,4.575941856,3.38115737,4.188163226,3.147807479,3.403084378,3.108474556,3.382780326
12.00325006,21.89077615,18.62079088,11.57444068,18.16095898,15.02635298,14.25687077,11.36869995,16.84420134,17.62758979,13.15681544,17.25987452,20.34802156,19.67326772,19.73736318,19.99741975,15.5427704,17.73483646,18.36450757,16.95552236,21.54513572,36.77730497,34.09695839,21.77018166,31.56905118,26.56903941,24.71600204,19.7992891,28.67407134,32.0620617,23.21499403,27.02576032,33.72820768,30.82803539,32.46396701,35.29510304,25.87758485,30.36357479,30.77091606,28.89186279,11.83311862,21.17534942,18.2102792,11.49801554,17.61029254,14.47302341,13.99915061,11.08719753,16.43708201,17.09518359,12.84412853,16.6860024,19.81992709,18.88408182,19.24290251,19.27954418,15.0028235,17.16743654,17.95518274,16.37436462,7.123291401,14.03460504,11.59130398,6.807191239,11.4598007,9.378530519,8.620891248,6.849805598,10.40769531,11.11403821,8.113909893,10.95167777,12.91845274,12.9602253,12.41377227,12.54516451,9.759874904,11.03708388,11.6710047,10.49203893,4.277604865,9.29206275,7.411939709,4.02669544,7.474786571,6.160911744,5.299743542,4.281290123,6.580753559,7.29955594,5.168110432,7.17216054,8.374725313,8.816606972,7.979649608,8.236528207,6.355553875,7.149712205,7.570244468,6.789776802,2.408020133,5.756359387,4.486439981,2.240303599,4.577244999,3.820073175,3.060218603,2.533906534,3.912004064,4.50823677,3.11004963,4.409476441,5.085706182,5.589639617,4.836716044,5.089096271,3.900173114,4.361182419,4.602207395,4.154124195,1.041016458,2.832309109,2.210512773,0.958890935,2.239125685,1.892136917,1.376152944,1.179781558,1.842839888,2.220156282,1.49977723,2.152354718,2.442436754,2.818251517,2.363547521,2.504249294,1.915829594,2.113210132,2.220743033,2.029501634
