32.73717234,22.23589945,27.47711592,23.80353408,21.58066581,23.54508076,22.22395064,21.14909561,23.93229011,21.64155892,26.43081875,23.41308564,21.32465181,22.4140219,20.96795326,24.80468248,23.75231515,22.74121292,24.76949138,24.34934291,24.603544,19.94286182,22.3622623,20.33145629,26.11388421,19.96446378,25.93085808,24.17314241,22.27092639,21.87848362,18.744672,13.87850064,16.81336918,15.12868674,11.26064906,12.90128366,12.23270753,13.15629616,15.11360558,11.83717884,16.02743489,14.37995884,12.36792564,13.10801684,12.27474894,15.78318763,12.96646063,13.15282855,15.50185117,15.20035282,15.23908875,11.71647653,13.06561825,11.08933181,15.76098954,10.61041557,15.87856619,13.07136755,13.58114358,12.49435265,13.34499932,10.16222833,12.22483932,10.85683776,7.383834888,8.751083485,8.498451863,9.591929098,10.8849843,8.238093561,11.24587851,10.39723565,8.404671584,9.187672488,8.605166745,11.45477773,8.868609288,9.308145069,11.09446144,11.16157386,11.02077602,8.191921956,8.985631827,7.463529727,11.14236836,7.136959968,11.42220219,8.902521766,9.457066994,8.640584834,9.791526434,7.591091595,9.044515931,7.905138364,5.132304115,6.174701208,6.108159594,7.141961894,7.995565687,5.957373502,8.094427222,7.650637022,5.913431869,6.645291144,6.227073534,8.444663002,6.329732185,6.81267884,8.109715921,8.342932774,8.127188237,5.898607316,6.391244915,5.235265433,8.096492594,5.012869098,8.402292185,6.346825141,6.753040888,6.175897242,7.0562357,5.528086879,6.519464159,5.619008717,3.566247307,4.300015139,4.31441385,5.191487129,5.735171708,4.237848224,5.71869466,5.483460814,4.103132657,4.717571808,4.424396019,6.078052877,4.468899108,4.90941509,5.795269823,6.076393847,5.845180474,4.177539837,4.485627077,3.631978764,5.782278231,3.488493701,6.050520944,4.480067946,4.738357637,4.35166882,4.738028149,3.725816673,4.345244,3.702799005,2.334486093,2.789158596,2.836443157,3.496659552,3.800349203,2.804875451,3.753997681,3.62970887,2.641615215,3.110043171,2.912400042,4.060152615,2.956217592,3.309330565,3.831944308,4.100436902,3.882523809,2.757735518,2.936970387,2.351425099,3.848936093,2.279405584,4.047652581,2.962321556,3.090384368,2.858375362,2.585006287,2.021496198,2.317630258,1.955627065,1.240377213,1.435263443,1.498196905,1.905923202,1.999555228,1.493449824,1.969150681,1.914453846,1.327746982,1.63918089,1.518918211,2.193610586,1.591632366,1.825071669,2.025255512,2.235933811,2.048324544,1.468832398,1.544658161,1.215739588,2.064908619,1.21846049,2.179649411,1.587463907,1.603368944,1.509153223
22.23589945,27.48618023,24.56902387,21.07785312,19.33668166,21.12356913,17.53161301,18.81737427,22.5591964,18.0379259,22.49583187,23.95796255,20.83464675,21.76447261,18.70468822,23.66114875,20.0428349,18.73021866,22.96500003,20.63031466,23.28833308,19.65976876,19.40748185,18.51886313,23.32909719,16.12064395,22.22424877,20.92938114,19.52278373,18.06734736,13.87831679,16.59133969,15.35974853,14.0545193,10.82576607,12.1243404,9.685985155,11.938095,14.56910667,10.11609956,13.78141911,15.48551207,12.67773884,13.41091193,11.38247307,16.02299523,11.53203002,11.04642577,14.91406174,13.651894,15.36905588,12.08615171,11.58228889,10.54949355,14.39618892,8.796972756,13.43657939,12.25989679,11.69955269,11.19884227,10.16082199,12.01619262,11.1726367,10.44761807,7.333822762,8.388563395,6.775209832,8.736307291,10.48970229,7.009476633,9.636095837,11.36481014,8.936396068,9.700308107,8.062264544,11.98031151,7.986693942,7.79171863,10.92352392,10.28251004,11.42051121,8.577551258,8.151827118,7.104053328,10.29849177,6.021893124,9.796187375,8.658374167,8.043049808,7.997818681,7.586428971,8.885839466,8.257501693,7.811581449,5.198901822,5.985296368,4.897485261,6.508490074,7.682359374,5.053226971,6.897694072,8.433705797,6.4678151,7.157804428,5.854447056,9.001845688,5.730726827,5.666273296,8.089332157,7.795876582,8.564782365,6.243149275,5.894396402,4.967763822,7.533749233,4.279178786,7.305321645,6.317679057,5.685476134,5.810184147,5.516569059,6.418300406,5.936837105,5.658648533,3.653752676,4.18947421,3.469306946,4.72665136,5.491883287,3.588294201,4.837577852,6.079391864,4.582599861,5.144599777,4.158568752,6.552759313,4.05322677,4.048517812,5.821267433,5.718768979,6.224348312,4.450671792,4.179824696,3.43814255,5.395539033,2.996171058,5.309111133,4.522098938,3.951189114,4.123722097,3.702070139,4.293796716,3.929206113,3.772349039,2.397538249,2.709743613,2.273385867,3.173043949,3.620670904,2.365183039,3.137095527,4.035981977,2.99413277,3.40967372,2.724563,4.391199078,2.670791821,2.692063878,3.857728316,3.861168138,4.153141138,2.937242052,2.74884273,2.217485011,3.583372566,1.955891733,3.56394536,2.999683623,2.548068353,2.707196905,1.982057898,2.311191718,2.051573958,2.000559237,1.258676042,1.369410283,1.175871169,1.713693875,1.882254492,1.239405421,1.598069486,2.128224929,1.525366064,1.792403528,1.401931952,2.349180486,1.41194229,1.439954414,2.033986492,2.089222552,2.187679706,1.544919977,1.443255354,1.133467886,1.902119075,1.033255402,1.909377704,1.583196205,1.299521752,1.41552627
27.47711592,24.56902387,35.08482346,25.76145352,22.60590684,26.53780317,24.23759011,22.19326392,25.57384432,23.04772598,26.26197118,27.6450503,23.45710195,25.83765621,21.96976273,26.62002329,25.12737401,22.43791087,26.48970564,25.81947493,27.22466759,22.26902234,21.64344931,21.00241659,27.15438578,19.90577667,27.67054858,25.19773822,24.96686568,20.99173686,16.81484352,15.36344098,21.25021009,17.14875938,12.71359258,15.3659486,14.05810933,13.95362609,16.27935467,13.34297082,16.2780623,17.47669174,14.23797567,16.03860279,13.10659601,17.73452682,14.4370654,13.30765403,17.0798509,16.82341423,17.41431056,13.18786965,13.6445534,11.89312148,16.64510956,10.62239736,17.22085722,14.45515989,15.37285053,12.247595,12.22832178,11.1825414,15.3964737,12.60664464,8.701429482,10.707952,9.989656596,10.12952195,11.6476415,9.572093853,11.47572719,12.66769782,9.987294445,11.53607966,9.216073871,13.07507338,10.01052299,9.526590112,12.48269148,12.53500005,12.80886385,9.227806255,9.864073001,8.150833184,11.9481948,7.175627228,12.49092187,10.11496167,10.68732764,8.541512336,9.050655255,8.277587518,11.29804998,9.313070825,6.176951697,7.63768188,7.240619533,7.47308356,8.452867402,7.032439878,8.230370831,9.281562291,7.176619173,8.430673511,6.632137966,9.674767943,7.155039441,6.984651099,9.192294304,9.389614662,9.516206803,6.611928225,7.226524722,5.752326989,8.737521313,5.027007973,9.21600175,7.288835741,7.572657806,6.079855701,6.529208043,5.973322648,8.072548065,6.673647444,4.327714492,5.336081361,5.122805004,5.377052876,5.983578003,5.041563064,5.767761398,6.610513518,5.049909808,6.002634435,4.67209348,6.946067294,5.032830124,5.014626849,6.573391439,6.814311034,6.858494082,4.645688386,5.155281073,3.993807237,6.247451065,3.473752594,6.633791257,5.156546058,5.257932065,4.240695718,4.360377595,3.991275731,5.338048268,4.41002565,2.82933778,3.460164361,3.358721065,3.582692005,3.911121009,3.346701934,3.740357428,4.34309258,3.285476858,3.952194323,3.048498293,4.603570172,3.303470695,3.350873213,4.336628515,4.560532236,4.548432791,3.033493849,3.397119672,2.580945129,4.147743739,2.246499221,4.423646579,3.394760198,3.390176214,2.747497363,2.340602726,2.146863121,2.837211552,2.324219612,1.490566818,1.789021797,1.765166505,1.9255948,2.023219822,1.786706247,1.92199124,2.270131955,1.680485691,2.079725333,1.580211989,2.445181717,1.752039297,1.817107682,2.290527076,2.448323378,2.38970257,1.589902241,1.786462234,1.333687192,2.213747246,1.183740714,2.366311622,1.797076504,1.74210887,1.424458549
23.80353408,21.07785312,25.76145352,35.17196731,23.32812293,23.86595279,22.85476938,22.6451143,21.65309209,21.65558607,26.47264274,28.21351783,24.60197473,26.00153946,17.60255832,25.46930361,23.68891807,24.19439183,23.06668405,23.28903947,26.2216441,23.05624603,26.3528449,19.46007919,25.13901999,19.74549715,26.13190438,25.12019368,22.95015257,20.78358609,15.1238183,14.05248673,17.14414462,22.91170391,14.46702668,15.22603162,14.30288385,14.48507909,14.21182252,13.64772144,16.74178353,18.45818938,16.39026697,17.11234663,10.61919539,17.26031055,14.6407558,15.2651343,15.17018635,16.01886858,17.98340775,15.5203323,17.31443122,12.283481,16.15668365,11.86731877,16.91088969,16.04460322,15.1807594,12.80632424,10.84559178,10.44385877,12.59602593,16.7304441,10.11192474,10.84450523,10.16209097,10.42280784,10.16502932,9.771731238,11.76717952,13.47121202,11.89947168,12.58913444,7.3352308,12.6948709,10.4496687,10.87590063,10.97150654,12.00741335,13.33218818,11.19808328,12.53751447,8.635067642,11.61819657,8.321391085,12.27254374,11.45082681,10.84599064,8.862143433,7.88581012,7.807324048,9.294915848,12.28302041,7.227552388,7.83776479,7.313851034,7.616087393,7.357080968,7.099602002,8.396149133,9.905403139,8.697533865,9.334059175,5.19776052,9.370084871,7.598163685,7.867933423,8.017958014,9.004610059,9.915734605,8.140149996,9.149905151,6.174547731,8.487442986,5.944729152,8.994661528,8.30764952,7.800993242,6.247144727,5.589923078,5.656730091,6.646308773,8.762640148,5.060675252,5.521921771,5.127810956,5.432677951,5.191588815,5.023014707,5.853164065,7.061263922,6.178499973,6.715494891,3.615567023,6.703243768,5.40094447,5.554675685,5.700594464,6.525448882,7.143750771,5.761333793,6.495128695,4.316770549,6.053655744,4.15030889,6.414730598,5.888943335,5.464737315,4.313476987,3.662587611,3.777463975,4.371338728,5.772874763,3.2783189,3.586420709,3.31841416,3.589189161,3.379991913,3.278238812,3.771201586,4.627758238,4.0417751,4.453894085,2.330097143,4.408871874,3.564901671,3.628261803,3.737039566,4.345287756,4.731471257,3.764439117,4.259760567,2.79353833,3.997463234,2.688127827,4.225247798,3.865055304,3.541763434,2.755766377,1.90354595,2.015676091,2.270824134,3.036928181,1.671047043,1.827763946,1.695841465,1.898918037,1.730677988,1.689772979,1.910198649,2.395027917,2.079527032,2.351726645,1.182442018,2.290192165,1.890827498,1.881307293,1.942331593,2.301496506,2.47769865,1.947795457,2.228262087,1.428628609,2.101836244,1.393720473,2.207721995,2.01548793,1.824916694,1.384576568
21.58066581,19.33668166,22.60590684,23.32812293,30.2238024,22.27471946,20.52448001,18.8291767,19.35353851,21.84420724,23.8683569,23.54579698,21.17909436,22.62406708,15.77259231,21.93303431,22.11750896,21.39842008,18.51615911,19.93629087,22.11387978,22.34731562,23.55970185,20.52671328,21.79808891,18.17314277,22.17224304,24.11241639,20.79656728,18.66138166,11.25874568,10.82524178,12.71286493,14.46900583,14.80476349,11.49347989,10.53121672,9.844363783,10.42702903,11.23987137,13.08581691,13.09452978,12.02794573,12.55827614,7.624804463,12.41869563,11.57086956,11.26617707,9.899337814,11.77373334,12.66871964,12.12468628,12.87441875,10.11802747,11.75338112,8.844667708,12.21302908,12.12470251,10.98571012,9.533216531,7.379229098,7.333057246,8.699492732,10.11684337,9.351748147,7.373100037,6.941304941,6.360034974,6.723294247,7.32010025,8.489426424,8.960941352,7.978730391,8.40800734,4.579742279,8.406452479,7.448087822,7.409816616,6.452916378,8.416260888,8.694974458,7.917296873,8.554066374,6.316750558,7.700871702,5.466784706,8.200327538,7.681502619,6.956025293,6.063993398,5.124018943,5.19873956,6.1730989,7.236867529,6.313083212,5.013490024,4.803116437,4.357700371,4.561101323,5.042435719,5.783247815,6.380675862,5.541306803,5.897266719,2.95272191,5.909986724,5.084197532,5.138951005,4.425080083,6.192470516,6.184290154,5.430765188,5.959154439,4.196167009,5.299437357,3.605352783,5.759556713,5.178598365,4.6610175,4.076459619,3.553278858,3.656114528,4.320897016,5.076781833,4.294784457,3.412812864,3.297180985,2.988960112,3.094392118,3.464585832,3.928435899,4.482449861,3.822472438,4.099936479,1.929116673,4.112856841,3.476715683,3.55224448,3.025821908,4.459860423,4.33428437,3.719262162,4.126863532,2.805142586,3.639957308,2.395094706,4.01086144,3.504369783,3.133546125,2.749930887,2.316570915,2.406298377,2.818279851,3.305949822,2.769054187,2.182961373,2.117084422,1.926995659,1.974006195,2.233461686,2.503696353,2.933673841,2.458614078,2.658682009,1.198287905,2.679444331,2.240511981,2.308095903,1.939360153,2.979111062,2.823697782,2.396464236,2.678383693,1.775291594,2.356119383,1.506801904,2.609760261,2.240239828,1.98928937,1.75351629,1.223110868,1.281940464,1.478484192,1.723182594,1.46123596,1.118363324,1.092141254,1.00082386,1.011020893,1.158703174,1.275945338,1.546289197,1.249673791,1.378983045,0.6028254703,1.413132417,1.168800571,1.216257916,1.000214801,1.605607486,1.46635248,1.252574999,1.409302133,0.911537976,1.240590103,0.7698554506,1.358590395,1.161907059,1.021816575,0.9106516926
23.54508076,21.12356913,26.53780317,23.86595279,22.27471946,32.01317153,21.04996221,20.26698878,22.71332263,20.83882937,26.97923289,26.57079047,22.66090527,23.60017002,19.29922172,25.9035483,24.26028889,22.1009044,24.30994879,23.1973457,24.62443222,24.09799195,22.06237502,19.89432141,27.03311151,19.92455528,24.35136351,25.31299083,24.17092909,21.12359521,12.90140696,12.12661544,15.36556794,15.23032336,11.49488093,17.313767,11.04582636,11.64797786,13.46925037,11.12333025,15.58315365,16.1705529,13.48314188,13.94745701,10.53208852,16.19180635,13.6022825,12.61132397,14.3323286,14.05831859,14.82147417,13.71542252,12.78149387,10.5084501,15.59396681,10.54502009,13.90863255,13.6580668,14.51700876,11.73832986,8.752121397,8.39499458,10.70726721,10.85506462,7.376653138,11.69338626,7.448285857,7.989467164,9.209963185,7.531295647,10.39719602,11.39743076,9.317114657,9.70343119,6.942482693,11.49612516,9.244254532,8.662522682,9.870708255,10.05380141,10.4504084,9.310228491,8.734112513,6.839720532,10.74182678,6.97783684,9.547015622,9.097401925,9.891262188,7.9211899,6.178017168,5.998894922,7.636770059,7.857314944,5.020071344,8.188064965,5.208908491,5.676495444,6.454249213,5.326855804,7.172500356,8.198597249,6.61058886,6.933741508,4.7743392,8.296918693,6.522015182,6.15853365,6.971094655,7.340833527,7.531719197,6.529368712,6.163160714,4.640662823,7.647052012,4.822186007,6.776194589,6.348111685,6.91000686,5.507231974,4.307973508,4.215027931,5.334883594,5.55422839,3.423128492,5.665367011,3.585929128,3.980813377,4.446844582,3.723081759,4.891727988,5.77152566,4.603418945,4.860480041,3.255634856,5.856806946,4.550092735,4.317381818,4.839810816,5.236772299,5.309685536,4.518351195,4.288661658,3.120948986,5.373801059,3.305711619,4.740779117,4.394110868,4.752669262,3.777429585,2.806212045,2.754770743,3.458312563,3.636895681,2.196428749,3.663086592,2.297050526,2.604657116,2.848022985,2.427905688,3.112914552,3.768150924,2.971035863,3.16487621,2.07465704,3.837288852,2.973698268,2.823809343,3.127303009,3.462699666,3.464257978,2.916817134,2.780559481,1.958948782,3.532172211,2.126149365,3.089287072,2.842509885,3.048385072,2.4214588,1.471705868,1.444474837,1.787775167,1.90422037,1.128625169,1.906278956,1.173014841,1.373697308,1.45127962,1.271376732,1.569454157,1.969759894,1.516208074,1.650059112,1.052412367,2.019372698,1.577574537,1.486712858,1.62174283,1.83885111,1.792941923,1.510843401,1.444412398,0.9716852989,1.880400788,1.108022085,1.604221347,1.468639375,1.566760839,1.251502874
22.22395064,17.53161301,24.23759011,22.85476938,20.52448001,21.04996221,26.09921679,18.05915482,19.4799295,20.39563437,22.23444972,22.79574687,18.56344299,20.80966239,17.52129502,21.49018919,20.47059972,19.99586042,19.66276801,18.72769976,22.04216504,20.38667008,20.72948143,18.85694431,21.1398228,16.72904944,22.76816072,21.68581034,20.32481036,19.1478392,12.23022595,9.685995373,14.05652725,14.30641073,10.53137568,11.04492665,13.47065236,10.21013974,11.41170874,10.94925294,12.64582548,13.1230416,10.22731655,12.00851351,9.583982638,12.83077138,10.7200067,11.19600327,11.59967191,11.03305056,13.01626634,11.76748177,11.83798887,10.0814706,11.84169493,8.407187717,12.74167013,11.58694111,12.07749684,10.0806617,8.493353412,6.776407158,9.986410618,10.17040609,6.941843894,7.446235212,9.263597825,7.127107935,8.007738786,7.538697999,8.57766223,9.188749626,6.917235277,8.478591656,6.453714767,9.045021067,7.154256733,7.767028443,8.147752541,7.964175954,9.210756584,8.141406033,8.284077616,6.777772293,8.051210525,5.627121942,8.891028143,7.876807655,8.344841654,6.708330827,6.100963735,4.902289599,7.236043861,7.328473196,4.804551439,5.205666943,6.575260069,5.124038305,5.765645984,5.373495691,5.999881437,6.587312408,4.858335895,6.139297486,4.519147679,6.495195046,4.976159185,5.562441243,5.84718355,5.860412659,6.65805109,5.780068547,5.943313894,4.719273701,5.637545135,3.921848809,6.391365526,5.571792276,5.894139926,4.635583314,4.307126835,3.482323056,5.118055994,5.150410439,3.300704602,3.582039888,4.58935619,3.617341773,4.070525703,3.762134845,4.131982625,4.62050814,3.360603589,4.346239569,3.125967063,4.562170728,3.42419999,3.91942558,4.106420877,4.200962276,4.702475767,4.033914853,4.177910545,3.244436853,3.890753321,2.694861738,4.50983469,3.89003635,4.0808737,3.169015953,2.834209469,2.302652273,3.356497542,3.35065328,2.12530321,2.294344607,2.992685231,2.375935319,2.667184663,2.451777796,2.650854219,3.005364339,2.158450755,2.856404846,2.016309479,2.977672306,2.210358305,2.578700293,2.672741362,2.787693711,3.075127468,2.625179026,2.731889893,2.087929473,2.510179891,1.73154439,2.964153265,2.542732267,2.626155249,2.025981286,1.512388235,1.232177211,1.772761989,1.740570612,1.10819923,1.175358598,1.591938851,1.260187412,1.399942193,1.289663694,1.361525871,1.566728054,1.095341403,1.515524752,1.039700506,1.570578194,1.162305969,1.379802296,1.392834603,1.492907822,1.604255258,1.381123773,1.446458239,1.092187548,1.307514853,0.9060174428,1.573661333,1.354619516,1.352392021,1.041725858
21.14909561,18.81737427,22.19326392,22.6451143,18.8291767,20.26698878,18.05915482,24.49545073,20.75988091,18.17226054,23.195211,23.71883033,17.53313173,19.85064327,17.32520449,20.68366681,19.64942895,19.10945858,19.69086141,18.44429614,19.72376243,19.38891328,19.9704631,17.05173283,20.6093746,16.27093925,20.83654286,19.90241952,20.11794895,18.68324868,13.15566727,11.93719569,13.95123639,14.48688621,9.845685191,11.64607141,10.21074384,14.2401209,13.24084579,10.58962876,14.1671563,14.50372483,10.7088049,11.84280827,10.33951436,13.3307479,11.17858565,11.36399032,12.601647,12.11362758,12.80435157,11.68195712,11.67658414,9.574218416,12.56479638,9.127678855,12.88264217,11.47959878,12.35557427,10.75286656,9.589959925,8.734440768,10.12333381,10.42653235,6.36292048,7.984137422,7.127881719,10.03070347,9.600820241,7.382906776,9.97433152,10.37165278,7.551186672,8.342049266,7.212312179,9.819652558,7.686716346,7.988360701,9.241218479,9.078079189,9.490870384,8.150316523,8.151585421,6.424960754,8.990607541,6.272069706,9.343983089,7.915005499,8.611103308,7.416043522,7.137346609,6.50572444,7.460866229,7.621484549,4.36210609,5.665283037,5.123938821,7.276906737,7.081538627,5.316972665,7.197716489,7.567882536,5.44748531,6.059092294,5.205071811,7.312812306,5.495908543,5.782257801,6.878750105,6.84922579,7.11249571,5.846386329,5.86551076,4.485222951,6.599059762,4.478181284,6.911523184,5.678687527,6.155488383,5.272478722,5.181808804,4.723102631,5.354979101,5.438742005,2.993930369,3.959600024,3.614170156,5.197568644,5.09335422,3.763205685,5.092155341,5.389519987,3.84363031,4.321735712,3.694796488,5.29270426,3.8848644,4.115793528,4.978422878,5.003496391,5.170634002,4.126611362,4.149028445,3.097987182,4.74782238,3.155062243,4.989809273,4.027940744,4.32228402,3.691363309,3.477200506,3.167871663,3.543422341,3.593504211,1.928936843,2.566141475,2.365257151,3.462213312,3.37809105,2.470325993,3.339624782,3.543745273,2.501717499,2.859649933,2.425783938,3.53385611,2.567669202,2.728600653,3.316163554,3.365548777,3.455861503,2.709698746,2.726965472,1.989910348,3.169567676,2.07329165,3.33282213,2.665342572,2.817427943,2.402767304,1.866788151,1.70030265,1.854590412,1.896831443,0.9886435799,1.304455857,1.232876101,1.87501784,1.773768367,1.289002257,1.740898272,1.847315999,1.272206842,1.507603501,1.248790236,1.886657037,1.37359186,1.455151974,1.75358577,1.811006211,1.82690825,1.423432042,1.431998899,1.004878403,1.690203934,1.099778409,1.777120585,1.413432446,1.458038995,1.245647588
23.93229011,22.5591964,25.57384432,21.65309209,19.35353851,22.71332263,19.4799295,20.75988091,30.83294001,18.91217172,25.27013339,25.57155374,20.9602972,21.39435441,20.97719978,25.86879355,20.3725,20.02215158,25.94379684,20.88227149,23.76151307,21.75573899,20.68464178,20.11842121,22.55633799,17.62949512,22.57225741,22.16870629,23.47484761,20.96281714,15.11615792,14.57159085,16.27888874,14.21673119,10.43042197,13.46850703,11.41574594,13.24407752,19.09658455,11.28931774,15.892148,16.53359649,12.66417586,13.15165955,13.33407874,17.10101717,11.80484645,12.15324317,16.63466626,13.75636228,15.22122633,13.32530744,12.18646429,11.6968918,13.5532885,10.52389268,14.24185555,13.16761839,14.76979847,12.33231572,10.89107988,10.4962352,11.64606226,10.17614296,6.731005496,9.207495413,8.016883255,9.608924757,13.59867023,7.826084804,11.05287005,11.98980616,8.579748885,9.208241515,9.393020125,12.55262934,8.005225251,8.457406977,11.87952643,10.13329996,10.95293145,9.338602624,8.346076358,7.90254279,9.400119409,7.25651457,10.1561884,9.08604941,10.16240061,8.493153363,8.006719347,7.695440543,8.449173596,7.375712093,4.574023619,6.44848181,5.780909242,7.09697336,9.852483013,5.592628211,7.84961103,8.783200056,5.982593059,6.613331511,6.768910524,9.275905287,5.630238877,6.05040998,8.611360802,7.523706452,8.019234721,6.701122199,5.890606509,5.507376773,6.70255638,5.134255948,7.392549927,6.482228797,7.139310552,6.01578863,5.753946756,5.515510057,5.976283051,5.218947125,3.113058726,4.43522077,4.092515282,5.11996566,6.987434682,3.931617572,5.473267124,6.259057167,4.109290464,4.664269615,4.780389007,6.668375852,3.919230766,4.266795649,6.096389781,5.427914402,5.730407544,4.722281057,4.102906308,3.787235681,4.709388131,3.573546599,5.270838678,4.566528877,4.926586352,4.199256262,3.831302214,3.660840545,3.898031038,3.417472362,1.997466959,2.826017002,2.69521171,3.422336619,4.593053964,2.566799395,3.54324099,4.114221035,2.615687305,3.055410438,3.118243803,4.43713181,2.553300776,2.811915957,3.986479044,3.620050593,3.779057989,3.091469732,2.666808801,2.422878934,3.080793647,2.318124882,3.487473236,3.005029393,3.154667383,2.728765604,2.048868207,1.944834465,2.001244943,1.781084046,1.030824639,1.40940623,1.428391277,1.846754217,2.413913255,1.334495752,1.820817002,2.148192136,1.295366513,1.598039615,1.594115096,2.381731722,1.344629885,1.498953615,2.069593805,1.94396459,1.971306042,1.61849267,1.392914112,1.228703716,1.605182016,1.214759669,1.847134574,1.592432245,1.596228376,1.416547364
21.64155892,18.0379259,23.04772598,21.65558607,21.84420724,20.83882937,20.39563437,18.17226054,18.91217172,27.23798073,22.77685912,23.29122245,19.01771467,19.0080404,16.51651589,19.26872197,21.19845066,19.98611439,18.4917839,19.43509796,21.72011186,19.75157324,21.88808115,19.88638927,21.31427507,17.52602441,21.67239597,20.42537639,20.0095003,14.5411983,11.83662045,10.11636588,13.34221548,13.64976565,11.24027163,11.12258978,10.9504157,10.58909863,11.2863697,14.01649106,13.12843748,13.95391507,11.03351893,10.46193423,8.356920478,11.93077603,11.37681532,10.91013711,10.78294383,12.11425066,12.59372902,10.97241987,12.76349334,10.29058351,11.90349643,8.544702699,12.71998576,10.21682235,11.22267375,7.324396016,8.237147203,7.011073836,9.570585277,9.776919447,7.321590986,7.529380692,7.541605652,7.38243124,7.819872852,9.456665233,8.90237953,9.978055551,7.644481632,7.20011418,5.346922027,8.497219729,7.751880459,7.457663927,7.47441192,8.959072563,8.834239748,7.323585495,8.748407273,6.757522293,8.051281898,5.544323861,9.129449488,6.773200676,7.49519196,4.734338501,5.956631177,5.058283635,7.030409188,7.109535144,5.046301436,5.323313537,5.378915481,5.318025995,5.583453446,6.670387752,6.240971023,7.29658805,5.471891972,5.151190621,3.619257682,6.174917206,5.522206498,5.310250079,5.343267167,6.712271635,6.38629777,5.087886567,6.196330203,4.664463193,5.672157827,3.800683481,6.723336624,4.744870902,5.198463052,3.230049923,4.238845756,3.600745665,5.039580983,5.040088018,3.47316145,3.71767885,3.770977993,3.769140812,3.92113431,4.659458484,4.313578206,5.210850573,3.848018204,3.625520459,2.449757036,4.392993858,3.888274048,3.738047454,3.757326129,4.876515869,4.528318806,3.508735728,4.327464714,3.201552052,3.961019578,2.59257177,4.840766656,3.302654228,3.567842701,2.202408123,2.811079325,2.391450576,3.345601484,3.306441218,2.250748721,2.421239409,2.464797422,2.488394883,2.559262879,3.04923703,2.775813115,3.447994943,2.510220549,2.37494682,1.55957328,2.90509929,2.561451753,2.46553607,2.459657257,3.26464458,2.977966032,2.272113412,2.819144268,2.062848473,2.596075242,1.666107455,3.233873553,2.158441719,2.289465326,1.416162826,1.510561987,1.284868228,1.787559566,1.736484283,1.18820699,1.265370704,1.305696611,1.332428782,1.337739254,1.625741668,1.425176293,1.835472346,1.300542852,1.255430792,0.7959767537,1.553921386,1.37302797,1.326980609,1.302263666,1.750691761,1.562389611,1.195556386,1.484820454,1.076618576,1.384394756,0.879943684,1.740251066,1.148070699,1.180101947,0.7427478715
26.43081875,22.49583187,26.26197118,26.47264274,23.8683569,26.97923289,22.23444972,23.195211,25.27013339,22.77685912,35.98129241,28.0629679,23.53182345,23.879775,20.15196461,24.82567282,24.34391057,23.2347694,24.84255005,23.89471662,25.89972578,24.56351909,26.14304151,20.67169979,26.13993171,21.11208487,25.53984095,22.43608803,26.95985249,23.62968577,16.03219198,13.78528243,16.28124968,16.74722812,13.09158867,15.58463143,12.65010436,14.17034414,15.89284686,13.13286451,21.09435093,17.37321514,13.83600284,14.21866066,11.42417703,15.30652262,13.92184419,13.84660711,15.47980441,15.22762638,15.95759866,14.95577266,15.65729903,11.96500582,15.25723684,12.07789666,15.16166624,12.22255892,16.39207991,13.97056177,11.25709126,9.645870132,11.48319673,11.78023318,8.503318262,10.4005288,8.587217621,9.982365344,11.05465991,8.912340784,14.3849141,12.20866595,9.305126501,9.811108236,7.556608685,10.55241743,9.350145173,9.512328663,10.65221994,10.93645675,11.13944868,10.30078594,10.68373798,7.908590073,10.17879855,8.115105499,10.47884315,7.94779984,11.2085782,9.46972344,8.114122851,6.916373556,8.24335447,8.419492881,5.808073516,7.178127867,6.015314359,7.212966233,7.852961572,6.25717647,10.07823632,8.747370997,6.426638069,6.958932753,5.205611563,7.44874204,6.493051211,6.742134706,7.49849772,7.990139074,7.951747161,7.288928766,7.497934141,5.399584163,7.041416364,5.641936502,7.451682687,5.427999257,7.860113575,6.604273516,5.749028755,4.869288247,5.787209887,5.889782179,3.966895163,4.899951569,4.152678847,5.117953199,5.478606775,4.335290324,6.96643383,6.133911297,4.372882157,4.85251483,3.5609739,5.17756419,4.463464441,4.717995494,5.194310469,5.702128202,5.569497363,5.085360228,5.192326967,3.650549299,4.841949914,3.881500856,5.214874651,3.702762282,5.432084118,4.553106444,3.796869763,3.186778357,3.765921328,3.823841511,2.556269491,3.123226698,2.67343319,3.380677361,3.55098648,2.798573887,4.500419896,3.990402677,2.766522975,3.146974858,2.277040305,3.361976686,2.878048028,3.08886858,3.34885087,3.775297774,3.623250826,3.314677873,3.359254458,2.30753547,3.133781509,2.501299976,3.396656113,2.382291257,3.504221761,2.937916645,2.027189994,1.670668353,1.952712776,1.982033457,1.333474445,1.579995056,1.378085915,1.804395537,1.833952465,1.438848879,2.339538249,2.077561482,1.375502368,1.627483252,1.152867678,1.764865855,1.500393024,1.634488823,1.723740211,2.01359116,1.879961967,1.743654294,1.748388928,1.158899449,1.641637196,1.29982388,1.764530288,1.239610565,1.810294071,1.527103489
23.41308564,23.95796255,27.6450503,28.21351783,23.54579698,26.57079047,22.79574687,23.71883033,25.57155374,23.29122245,28.0629679,36.35415839,23.33367637,23.20110351,19.85476516,28.47508692,24.89289667,22.66110776,24.5132577,24.19205591,26.76886459,25.21671148,24.62021014,21.55851404,23.51727846,19.05419919,26.66041499,23.48513541,23.29550734,21.3900175,14.38085486,15.48661535,17.4750691,18.46104901,13.09643625,16.16813419,13.12589128,14.50472563,16.53061581,13.95537308,17.36688012,22.49003889,14.98335248,14.46248741,11.6973346,18.45292112,14.90678943,13.17986123,15.69709759,16.05291571,17.49158512,16.02382124,15.20125662,12.57435531,13.99647433,10.75500097,16.7135823,13.53675519,14.70122754,12.53343626,10.39946812,11.36823028,12.66361256,13.47814041,8.965861504,11.39115897,9.195395831,10.37472478,11.98324788,9.981496377,12.19366289,16.39478594,10.78722525,10.50023051,8.026444919,13.53277661,10.50844282,9.236706303,11.40930991,12.03817383,12.8594059,11.53072228,10.9417445,8.723133646,9.854692141,7.476821997,12.13205048,9.39450916,10.3652799,8.762247833,7.655027076,8.441623028,9.274028324,9.918104866,6.39016555,8.186589498,6.598810304,7.575043299,8.772844432,7.302567943,8.720840426,12.09740483,7.870844295,7.726278371,5.671147605,10.00855647,7.577222634,6.656818175,8.372422621,9.060235283,9.529295749,8.416098775,7.984352232,6.207025746,7.114338806,5.347507001,8.940307996,6.732879026,7.405425638,6.269461562,5.491494834,6.095355178,6.598293324,7.082081641,4.498335505,5.751318671,4.637717121,5.404512946,6.245530269,5.219570462,6.092544554,8.684115306,5.589230604,5.521900271,3.935535736,7.195070283,5.351190804,4.704771668,5.972063938,6.59173516,6.84793184,5.995889757,5.677020037,4.33455095,5.039171905,3.748093049,6.420047578,4.745119328,5.164988078,4.40294508,3.643818913,4.064632831,4.324006168,4.659584746,2.956561344,3.736298893,3.02763579,3.57331857,4.099618891,3.457974402,3.930539709,5.764817431,3.655523517,3.638244143,2.527989466,4.781894833,3.512981142,3.090855525,3.930744739,4.410333933,4.526739474,3.957915232,3.738514673,2.812503181,3.320276074,2.443247503,4.266966772,3.112493892,3.33673871,2.881017978,1.938470483,2.171890943,2.240284328,2.439738982,1.567478076,1.921191933,1.586234982,1.902062459,2.13757616,1.840755598,1.994323608,3.079547811,1.880261022,1.91248054,1.274920123,2.555227669,1.85786415,1.629960147,2.070222926,2.360832538,2.368559219,2.098396278,1.982751292,1.457951635,1.759939098,1.289789868,2.272201376,1.639942438,1.716971543,1.528555689
21.32465181,20.83464675,23.45710195,24.60197473,21.17909436,22.66090527,18.56344299,17.53313173,20.9602972,19.01771467,23.53182345,23.33367637,28.4459416,21.768772,15.48755383,23.21922559,21.62503419,19.4892106,20.56118189,21.38473735,22.34413119,20.43661352,22.00576285,19.21129611,22.67064202,17.71861074,23.10049004,22.43607997,21.28685885,18.05137265,12.36690427,12.67868282,14.23588269,16.39090996,12.02683139,13.48202569,10.22491139,10.70943072,12.66305181,11.03261598,13.83280357,14.98370983,16.23153405,13.17985373,8.611856906,15.19520368,12.444736,11.80618798,12.73925553,14.20467292,13.88437332,12.31333223,13.29180045,11.36549001,14.1470526,9.967138961,13.53561726,13.17142398,12.50221204,10.22386128,8.402791839,8.939708143,9.982808286,11.9016831,7.976287853,9.314726867,6.911512413,7.553386519,8.577711413,7.64231604,9.297587694,10.7881185,11.10207324,9.308475421,5.63651365,10.82336469,8.498915992,8.072344656,8.765506282,10.34955046,9.849930692,8.506634404,9.159977804,7.668700276,9.884321247,6.660287719,9.387177174,8.988180148,8.405883065,6.738774447,5.911552891,6.476296414,7.169911393,8.703082788,5.537435237,6.607001107,4.848169194,5.453070522,5.980487497,5.468108875,6.41355789,7.872572554,7.847245062,6.73645836,3.84216439,7.815908093,6.017259853,5.678601476,6.179512426,7.61745956,7.142488678,6.051388802,6.480680006,5.346720211,7.058446225,4.612306936,6.714912691,6.342896599,5.824693936,4.597506593,4.1038361,4.601623174,5.042312609,6.190787827,3.817438665,4.599193912,3.344794368,3.856056205,4.10933909,3.842484248,4.35356994,5.592672118,5.468310777,4.768898417,2.596599312,5.511551889,4.205741156,3.93364525,4.285101325,5.453139577,5.062669421,4.232578217,4.507250492,3.683006039,4.952503564,3.155180263,4.720889053,4.412263562,3.980481738,3.104193485,2.651391964,3.033576369,3.280820416,4.067444387,2.453506427,2.967417464,2.136348188,2.527527739,2.623076039,2.503480768,2.742258125,3.663843522,3.542316532,3.123322467,1.636285876,3.593070312,2.741714205,2.53309347,2.762019233,3.601735888,3.312921155,2.747808927,2.91134013,2.365151919,3.235482832,2.013761762,3.079335333,2.85290734,2.533776993,1.955230024,1.360042874,1.599759784,1.68754824,2.131007311,1.245483751,1.513555018,1.06924445,1.322554868,1.321131115,1.294623812,1.351186524,1.903596915,1.822573613,1.627206862,0.8131027823,1.859133358,1.432894901,1.291919519,1.421030191,1.895082538,1.710710851,1.419738814,1.497620626,1.207275165,1.695779395,1.027759418,1.590966811,1.460741902,1.283858526,0.9783601986
22.4140219,21.76447261,25.83765621,26.00153946,22.62406708,23.60017002,20.80966239,19.85064327,21.39435441,19.0080404,23.879775,23.20110351,21.768772,30.3169056,17.98969676,23.94372247,22.59171893,19.97850502,23.45784281,20.58671313,25.30098339,21.5031816,22.9179144,17.93118425,24.15866964,18.5666933,22.41110455,24.25590667,22.97602187,20.53358677,13.10468914,13.41081263,16.03555992,17.11418689,12.5576668,13.94404351,12.00567437,11.84256418,13.14844745,10.46064803,14.21526487,14.46051129,13.18044026,17.61889651,10.55018211,15.7932618,12.42960389,11.97245941,14.80454358,13.46171161,16.47342838,13.51762757,13.68739435,10.02855415,14.69047644,9.921654344,13.12205492,14.07425414,13.63486172,12.28279995,9.179463492,9.700529995,11.52840395,12.59253919,8.406079651,9.694669491,8.471040941,8.341335302,9.200276251,7.196085192,9.802433954,10.49473283,9.308776576,12.49664335,7.311272505,11.58870884,8.42498165,8.499958071,10.64577564,9.948382278,12.12066777,9.63422562,9.656589778,6.761885154,10.42578387,6.67238747,9.343964757,9.840716458,9.395129631,8.494505623,6.630011444,7.15926383,8.415969184,9.337890319,5.892702982,6.916772733,6.12397818,6.057529302,6.598343633,5.141727182,6.942312764,7.714484854,6.734451555,9.098026094,5.233501391,8.564294903,5.962805023,6.181746086,7.783932144,7.412944617,9.004791901,6.989412047,7.003207942,4.738394685,7.577677875,4.683673676,6.830524905,7.116581614,6.667878628,6.018350028,4.692407838,5.149204312,5.977359688,6.717104181,4.090378853,4.831221879,4.318262317,4.318922253,4.638947,3.605780855,4.824562374,5.499009905,4.760440895,6.478444107,3.678293394,6.136096964,4.171869745,4.391610393,5.54211727,5.352295562,6.485223728,4.947637379,4.972918681,3.275608352,5.389447342,3.245078061,4.874663625,5.050576093,4.648087958,4.180088687,3.072353588,3.421232281,3.911717351,4.449018591,2.640015739,3.118058008,2.808629988,2.856160418,3.015321461,2.336637339,3.104507624,3.59682529,3.100744097,4.27082806,2.391686467,4.040443233,2.723755365,2.883222742,3.636158923,3.557696688,4.291836002,3.232018358,3.267758266,2.102606239,3.550122207,2.09373365,3.211154371,3.320016941,3.006136735,2.68396187,1.59211663,1.818561494,2.024403276,2.341727763,1.344448585,1.582839195,1.442825468,1.510912006,1.541308593,1.188893265,1.570628334,1.847194949,1.580441092,2.248966522,1.226046009,2.102786493,1.426491877,1.500978382,1.890529039,1.887469876,2.245132246,1.670338052,1.710841765,1.065313468,1.861189337,1.080781869,1.671069609,1.730500296,1.54508582,1.35454854
20.96795326,18.70468822,21.96976273,17.60255832,15.77259231,19.29922172,17.52129502,17.32520449,20.97719978,16.51651589,20.15196461,19.85476516,15.48755383,17.98969676,24.20341005,21.04802829,17.29088443,17.48334997,23.08642894,15.30994019,20.42119642,17.87577794,16.02397925,15.56913765,21.64366576,15.99192065,18.43751173,20.82548236,19.26629479,17.82599728,12.27650079,11.38576321,13.10623937,10.62518455,7.626691534,10.53186039,9.586799603,10.34348629,13.33640787,8.358417851,11.42513141,11.69959041,8.613673352,10.55473151,13.71149017,13.93019082,9.160953871,9.572604308,14.5363382,9.057792258,12.48990037,10.43961708,8.924291716,8.28215567,12.78655464,8.353378952,10.75972394,11.63086265,11.41694212,10.41144848,8.60977688,8.0711088,9.215385553,7.349294012,4.583806479,6.941617993,6.460307993,7.222503297,9.39902474,5.350260957,7.558796089,8.032054461,5.640409456,7.322457874,9.36609668,10.07485708,5.96821441,6.420467609,10.25482158,6.463280981,8.845566922,7.001953528,5.785801862,5.297545999,8.77547935,5.462886223,7.481685967,7.870931897,7.693069972,7.099098253,6.236259643,5.872301792,6.631190053,5.222318106,2.958885162,4.772175563,4.530610751,5.224899598,6.780549143,3.624561915,5.209398652,5.681342003,3.847930915,5.254127869,6.605862636,7.375040241,4.090245461,4.513662886,7.38551999,4.745224014,6.415214185,4.856136703,3.925807421,3.546707184,6.228238959,3.75279644,5.373985026,5.562317865,5.335498206,4.999612141,4.440879114,4.190547368,4.670865256,3.652978135,1.936380649,3.251085538,3.143332594,3.7295082,4.800470773,2.456553039,3.566997906,3.951388961,2.602756809,3.711710127,4.597240787,5.265566405,2.800176942,3.157170111,5.209686317,3.412413536,4.55484426,3.333150019,2.661010737,2.362005107,4.365338406,2.567326017,3.803320812,3.8951362,3.650437911,3.472492279,2.94057248,2.777612576,3.046398042,2.381628916,1.203570854,2.06583795,2.039960781,2.483625295,3.150798784,1.566315435,2.2866355,2.549956461,1.638374833,2.440338367,2.977071065,3.481901822,1.809905027,2.077011078,3.404053616,2.278739157,2.991697701,2.138097908,1.698696064,1.468905188,2.854859577,1.653108835,2.51046368,2.551013979,2.325933868,2.243851015,1.566620396,1.482890394,1.577150835,1.246817541,0.5990811422,1.036464929,1.068162982,1.344126787,1.645326515,0.8024638376,1.169090053,1.30365013,0.8017836381,1.284972019,1.531798162,1.852719483,0.9557317427,1.113815773,1.773558534,1.229414783,1.557989021,1.098118076,0.8732879019,0.7182318726,1.495260951,0.8710744548,1.335239756,1.344143041,1.175504877,1.153741028
24.80468248,23.66114875,26.62002329,25.46930361,21.93303431,25.9035483,21.49018919,20.68366681,25.86879355,19.26872197,24.82567282,28.47508692,23.21922559,23.94372247,21.04802829,36.32076083,22.56798322,21.9325975,27.03781386,23.94461826,28.26610318,22.57617819,22.15764499,19.45055688,28.8174375,17.08035759,25.55163245,27.05420655,21.92486588,22.13399171,15.77942789,16.02208541,17.73032348,17.26690809,12.41799356,16.18902601,12.83129534,13.33183399,17.09750218,11.93024732,15.30095304,18.4488273,15.19536052,15.79748099,13.92691505,23.28808959,14.0906934,13.66533269,18.11338779,16.03868227,19.37303664,14.12478651,13.38738241,11.70023608,18.72946749,10.30050566,16.41134272,17.23511164,14.17867673,13.21767038,11.44587205,11.9791051,13.06465003,12.71057454,8.404520471,11.48884485,9.045889296,9.822735339,12.54398879,8.495588107,10.53859949,13.52296856,10.82305938,11.59922327,10.06621388,17.16399341,10.0706494,9.821644011,13.34446737,12.00133602,14.34469531,10.03187671,9.430660164,8.085911937,13.6317591,7.236292625,11.91010231,12.3941639,9.963032672,9.242046124,8.428591967,9.001588376,9.655066081,9.398025135,5.905825123,8.282578742,6.495728171,7.319292995,9.259505354,6.170985716,7.422647977,9.990530104,7.813642424,8.584024013,7.357661494,12.73573869,7.330278749,7.18566319,9.861931354,9.021531005,10.66018081,7.225998154,6.780448626,5.685841456,10.02804699,5.18256546,8.778430284,9.063680793,7.090713655,6.585279251,6.051811922,6.55564486,6.912271237,6.747001919,4.104554185,5.831634718,4.560532276,5.304740337,6.63965576,4.38437133,5.133105065,7.164988269,5.503951961,6.16880044,5.234054758,9.182099872,5.225986315,5.139160283,7.069551862,6.570574266,7.682787315,5.081214019,4.776586533,3.914363092,7.19134665,3.634763496,6.31377317,6.474118927,4.928856026,4.597603052,4.019059095,4.400199538,4.547619155,4.471374591,2.662891049,3.795423423,2.969093335,3.554743662,4.387895613,2.886985309,3.289695752,4.734068576,3.572543139,4.089209067,3.427610022,6.11773973,3.469024609,3.414377665,4.667001973,4.413621284,5.093852245,3.302810313,3.124101316,2.494349353,4.774091609,2.372930998,4.203218633,4.280879866,3.168800602,2.978484862,2.130272369,2.364446171,2.353247319,2.366372066,1.377348691,1.950014641,1.541723237,1.921463886,2.299686798,1.517235047,1.649534304,2.482211118,1.809031046,2.15802125,1.761691142,3.276252081,1.864613297,1.827983576,2.451934752,2.380044099,2.669827202,1.699270358,1.634180851,1.24928501,2.533109452,1.257427636,2.231974651,2.253281021,1.608600009,1.538368798
